9770918
606277
4025
4023
4020
4029
30207505
15091142
15090173
214899
5986
5984
5985
7516
15088220
7513
1583455
215551
3997
3996
3995
3993
87965
3990
34046928
56238
176831852
167735
126351900
51020967
27376
6791
2316
2314
2315
92452291
1038259
177994547
2589952
807326
704299
1073440
201437
55580
201435
64574101
323450
2024622
14453013
4984870
1059483
524814
202624094
92449885
88041959
92449880
41853284
16107173
1838068
1314760
1913122
2415558
26150453
2269
45533224
6059
198144827
9529
9258
9259
18825665
1896623
30606318
269543
2046
2042
2040
2041
2025403
16508577
200520
92456116
29985834
92455649
85114142
809099
10385
83872
10381
178217750
72929115
6218004
297964
208556
3570204
67579964
1819075
60761886
2686
68690
209146
2682
2683
83583
6805
83585
13027095
83586
10562
10561
10560
9741
14570970
1047458
10569
10568
2380517
37165456
1623
1622
1614717
1614716
1995
1994
1625
1999
1998
83906
31461216
28992827
1903627
1898171
2860
2861
104013432
1114162
70962991
2291169
70932
15093325
38111524
6051412
7672
49002327
612913
7671
1199
1198
1757
1191
1192
1195
1194
1197
87996611
12893354
1759
2169075
269038
709470
1754
1752
1750
1177
3822409
1174
1173
1172
1171
1170
114317
122482065
1179
28992005
15105630
219353
1285
1284
1287
1880489
1280
1282
11143621
1289
1197057
202587567
1579
83648
1596354
1632183
1499406
708659
173501309
88034008
109381306
8549
8545
10687666
61317262
11078707
99828973
224250
87776
2247080
87775
1371
48211123
531937
2742
1375
7691
14758261
7693
14567719
1037353
88035732
201792351
60435486
1429163
160411319
4035
4034
15097659
8022742
4039
4038
8025324
60430988
82456
85171
82450
6790
99828808
214884
60744783
71581650
4870741
355445
62322440
2022
7525
1517194
203390026
177499
2241122
24479591
24487621
13772441
94490413
2023
88632
9141758
834795
6780
87968412
2092767
16445438
555557
2305
15088528
5841
5840
972808
47506416
1471544
35742118
192053692
215207
56821
107153947
2386957
2064788
42631396
1937897
14626987
2275
2277
5278710
2272
245818
2334457
42607148
128910
15115177
1821051
1282715
1821054
77164250
1492972
207786119
404451
24651330
38101278
121271331
14439821
16815932
1449458
9530
28163114
56916
54532357
2055
208094
2298011
208092
208091
208090
2096626
54233394
11142553
10620
15108056
2918888
10624
49260134
102551291
121271759
10401
15296390
15114426
88045280
88036097
2096408
42769483
208818485
9626
24489978
48599337
1979
37056794
332447
2699
254068
2697
2695
2694
167473
65519220
2691
2690
88044002
15095928
544177
1239899
1972
158988332
2170169
42490701
9751
10574
615810
1443978
10570
11143989
2388061
142392485
79118012
1968
1964
1965
28310844
1615
1961
1610
1963
88036415
33203081
37020731
30677414
2871
707711
8390705
2874
95381030
151280307
180824636
7661
7662
2443032
36134109
709442
16415331
4864948
28812668
43881756
1769
185607406
43881932
65493522
1763
1761
8252245
83604
1143
1140
1141
1145
8624
15095659
88037296
51508370
2092
18517835
27244511
1544
6138028
1542
1540
1541
76975039
1548
1549
88693758
10888189
179151931
1584810
15105525
60430862
94490976
15112792
87833
1638480
8538
2263
8532
8535
7441
5478772
3832941
7687
7686
7682
7482644
1385
219455
219457
73174043
9781292
60910223
8250082
8443
8448
1365373
1974825
30458551
7534
33203051
213220
27248411
19229419
807836
1171256
190907600
32882952
49348830
5277
2012719
203588533
88609
1880638
2915785
28644521
88032966
5272
151290842
5872
5873
12885530
5874
5374
88035722
7942831
95380939
215213
215211
56360
56672
70940745
164510940
2341
524129
8998707
1632270
1632271
1820915
1048345
5372
24750047
67138151
28646904
92455933
60875674
625877
61491380
1518367
140694129
15513864
1451039
72929919
7907
64722841
24115519
16422084
9980914
1247394
73758863
17299
8026735
17297
32875406
1254276
2292503
1027570
1670
19179081
1524394
7992
1306597
2519
13674429
12767882
2514
2516
1673
16139044
2513
2736
2737
5297
10164
5291
153225
153226
182866048
15102549
1158
12086
1817
1811
1813
198149
16169880
809438
809439
37164527
121271328
146881674
88042642
14464999
2233633
1290150
1099
10509
10508
88037440
8784712
10500
10503
10502
10505
10504
10507
9293
9297
9294
1601
1976
1603
1974
1605
1604
203389819
2292525
2422797
8854
16594809
557331
27245903
23015089
156777589
208704
15860396
88043705
459738
15987599
5274
220068
1776
83633
1770
1773
1848
5278
1778
2421972
60467713
2193400
88037599
38497429
8252478
169007
1159
11078659
1247456
1156
122482003
1153
94491135
88044949
17350179
160394672
10820309
1390309
331510
887399
94490475
1555
1556
1559
1558
9881481
78472611
33483196
87908759
887937
37053865
79722706
4865437
2012439
1736207
37019027
10006990
87755
8529
16528027
52267879
34544753
8525
67834823
66689460
130421
88044839
887246
43835397
9636
45629288
1393
2177564
41591015
26146352
24918163
8455
475454
2442089
1632664
4672463
2292051
92449995
2240896
7548
15088427
1181741
18218374
17638983
709899
6362140
23322318
95876818
149532617
68151808
202896505
92456585
4739510
66962763
5862
60435518
635258
10821455
26468671
13966470
88549
50709379
4605
2217
2216
67565786
16762698
2218
2434183
1449867
207787449
7201325
7490227
161428710
15099842
186223578
121271594
1059565
209084
2591328
196502433
14774411
58708103
39478020
88042231
19895812
1359
1490556
64483
533529
72199012
64484
1280930
2726
9603
1485231
2723
2722
2721
2720
1724515
88043925
2729
103826220
84393
686442
7234321
73806451
83841
3858275
4842884
15117026
895169
209176
24965010
118948
2388073
10772
18413426
34040207
201382
2291422
948491
83935
88037456
49934161
10513
10510
10511
10517
10514
10515
1114777
23450864
1941
176680824
1252
1883523
2076130
73143218
232565
232562
95381058
28055574
525018
15087466
94490690
1496
19961652
1498
1499
1620581
83908
1379414
5266
1491380
5261
79595615
1709
174211
197643
212006
5269
1529
90656681
1544277
16620596
1628
178143057
2561550
1121
28408500
8607
1584335
203788852
61498138
158028588
94490441
2112413
12838974
12618643
52295718
34209861
356251
193201371
2292196
24988206
24186751
10573
8510
1233
18896071
1239
1076
122482104
28801614
2521
49076918
72202
16506366
94491096
8025500
14675375
66553
2185876
29078973
9600
37020358
2012397
8462
1486500
42615445
201495
232902
4859046
56565763
185487146
1165071
468630
82402
2392687
60430848
31442567
26722868
7553
7551
7555
18518657
2221174
33062526
88668
37931115
88666
131083
72441896
16793743
382152
45908712
56472
397676
56470
17576257
19577153
27272883
56877
1582618
2387295
2591085
404794
4611
5060
56781
10678538
9654813
56786
2225
16110646
7670
34596624
213329
99828618
5928
4781554
169729739
62637733
2700
807585
2241660
2586092
4842724
49257568
807588
169914708
140477
179436849
49135802
88042240
14769967
201217
2539
201212
2533
15099697
2536
201219
14467321
69043851
2169782
11276600
145214214
122213459
1833
140414073
5640588
1697
14743926
19651399
1163384
2153
2231691
202752543
2408
2409
10527
5383
5386
41012626
87967721
2067273
73786091
1954
15432660
1543770
26796922
17226754
1959
71323
2291501
139534297
346009
395559
9776488
211914
2101193
151159608
24124853
2680
1483
1481
39345236
1484
5252
1712
12096642
1710
43883924
5258
1718
15098588
15179034
911121
704355
704351
65496964
122482023
1133
1131
1130
165285069
1135
1134
2419
34367531
11142721
1276
16794588
7564
9763418
94490452
9578
690399
208614
14772250
5941
2368685
88042951
150850015
88037331
16448869
18330482
211712
14976098
145593403
8509
2257
88030878
10532
38112829
1228
87733
964048
87734
2345710
15088963
87739
19788473
9766980
159359283
2881
2886
2887
2884
1240188
2888
2392927
7496
109381156
9142344
8614
1790315
8613
8612
28374016
146646311
17706409
606755
74594179
19028931
953658
15105448
6254013
34570465
109381234
617807
8479
151105010
8474
37021581
8470
88035882
52272336
7563
9632947
710667
202895271
49261447
17323678
213257
35932148
1897308
37243588
1545259
56464
201179
56467
56460
28406777
88043724
92452065
74606051
15098530
819664
468796
1471
99828994
56313
18950955
8734273
7553209
2599081
2230
82366
2428693
82365
5931
5930
215154
198881674
4570
2449029
24739165
28396160
4578
4579
321950
34366107
414393
2524
158242
158241
106521670
535683
92455211
134161158
18947705
5061
2708
2319312
452422
2701
15860702
2702
8025983
1396408
709827
201270
709828
2160304
1058789
61360375
1829
1824
1826
1823
1822
1138092
414087
53947
414083
10530
10531
964049
10533
10537
10538
10539
128514649
121271625
197709649
9024918
48982110
88042879
1924
16127410
1927
121271395
7368
2667
7363
7364
7365
87998056
8542
15889927
1035186
36841416
208750
1381147
15093727
1113294
1724
687833
56362
15402606
2354
83885
83886
201479
83552
18896895
50011275
205748491
191748364
43619165
2724
1588
1581
1586
1587
1585
15102045
1039
150897545
1032
1030
1443444
1037
1034
1212
1213
1211
1377
1214
1215
1584269
72203
1218
1376
7485
12758435
13883397
2341147
94491077
2895
12892511
1642
22694575
1455
73488889
1451
1452
1101
28826510
14542762
19130570
12096077
1109
4081
4082
1725
205899996
4085
66714
60608284
1648
74456157
93257548
6063738
94490614
196029303
15116213
206239258
2194725
1837
14544202
12120839
2026375
9777567
2347085
55627
2176041
1232710
25215840
5836
220073
1974137
92452078
122482309
36870575
5838
47027275
88035767
241909
88035949
24186551
69366434
55504
49260345
92449824
4037
56323
56320
56327
56325
56324
127205550
4972926
73316
13039789
65505792
1538466
136481584
14771045
47501223
19872305
24926014
16571938
214547
5907
207787363
5909
1074211
179437119
87976
4563
88045342
346937
1846085
2241646
395316
87872
832434
2551
2554
2429600
14637104
6024
2383132
209212
2750
31251526
15868105
15098274
2398
10559811
2096300
5012
10324
209640296
61444191
2771
2772
2013750
121271708
28808579
60906940
1246056
7971
1859
88045306
476703
1851
1852
1853
1854
1855
1856
61455515
2025790
56673026
2174
9542
16777911
2607
72540632
1821514
452569
2608
2609
2231659
1938
26792963
7093
1427
16566963
7373
177498
7371
7370
16810295
7946
1913227
154350409
414182
24124905
37209102
2097941
14039912
2067852
1197522
1047462
10378
170039542
5565283
28379053
176737261
149754510
5046
10251
1626960
5238
1738
5230
1732
1735
1734
5236
1736
808708
88044057
274524
808704
68685
68687
68686
87869604
7025586
56591
1595
94490923
1388859
92449809
1598
55847117
1025
24207875
1027
1026
41039018
69046037
189433725
290553
2112440
104013329
41631950
44655691
66695
1204
1206
4963150
1584270
88027493
2004181
1914961
5681546
31636105
60868387
36867222
109381174
109381173
41897703
209638555
1110
1614599
49255735
1116
1119
1449
1448
4044
169730186
1219
4045
7443630
31478453
55194
18416359
6782
126689
56398
126685
37161775
720760
1584875
30414705
140417633
17373355
47021537
2429056
8246636
1471613
1471612
9801
4580
94491196
17369597
7748
14573169
2303
10025826
60435739
88035887
19145656
7654
28637096
42457114
83584
60888740
19895774
5821
5827
49996675
109381387
87882
148550075
54233758
55533
55532
55530
202587506
55535
195336448
1422134
1422135
26228028
24688378
73302
1663404
201532
199133574
47273903
8495
103819916
5375710
11142301
196502875
59266452
2374479
1821349
617630
50775126
83933
16457297
60865580
247760
12888284
2541
2540
2546
2545
348189
2384
42891907
88045394
39840
10330
2768
102303207
2761
2760
2767
2766
200797
7909
15888417
7901
7902
7903
7904
7905
7906
1305508
45561
1849
1516
49402160
1842
1841
1365719
1847
208324
48178503
4577275
53928
6073
558562
2617
2616
2613
2611
2610
18413484
51502102
1908
1907
1904
1905
1902
1901
58827578
1632269
1442730
13043681
135091513
38326570
10582
60740678
105531775
53859
60627891
132661425
103806446
534119
37059555
88041103
9127667
687850
83574
83576
5228
2570162
83572
83573
104013206
88036546
2579
299127
88034
18416035
136085621
38148320
11274610
68691
717957
24209974
2278
1524572
2946
2943
2942
2941
2915
1290986
1054
1057
94491330
2918
1298248
7738
104013442
172281
17306
1698
1699
1278
156963642
1530863
555792
194498122
238375
1275
104013154
72373382
1380291
1485415
10377
14664634
147136821
35385243
92449793
1498032
24186954
1179957
160755793
95381115
1389440
60867779
1475
10677392
1479
1181536
1304
1305
1300
1301
1247601
69046809
4683489
1497
1308
1309
41034173
2572616
122482091
10004524
823740
8025644
7758
7757
24186714
7750
7753
197679222
1620741
66717
17737058
7365710
9775657
90655609
128048007
18840741
7471
90655603
17617427
219395
1232776
2114261
13888872
67003961
88043713
57613364
56436
56434
1874
1875
15092488
449075
2586565
1873
44628030
55528
28155526
208135
1379419
2253316
24433160
73373
14442898
84975
84974
4046
4047
4040
4041
404910
92449932
214837
88035853
1471428
60431228
1602
2289
42904561
2281
2286
2287
67076309
9140033
2127337
807590
170074585
140414382
11699
11697
14400880
3867796
2570
2571
17302
17303
17300
19781245
396145
15098705
17304
56349
12891297
198014758
2372
2594
2596
2590
2592
179319338
5032
77981304
5030
35617034
7919
8609
1872
78006226
7913
7911
7910
7917
1878
24195798
9142955
2024934
16517628
6043
193713
8603
14045648
156782872
15101784
2628
1224778
1595969
1911
7358
1913
273931
1914
207787786
208261
10623
9631769
88044673
203389875
2024
2025
2754
53860
2021
10499
2751
10496
10494
2028
167046929
10491
152922562
13209775
161562
10560294
1661839
687841
10471
19084736
104013233
90656652
104013237
93262144
1913881
15116728
88035942
105531839
1619865
7501
151716062
94490490
1767246
29974381
707654
208651
7102
95381134
18959697
2598
49274496
1043
1042
1041
5361
1584074
12893048
13657590
322501
10820554
1246899
2923560
104013300
1298250
1584218
12772025
1263
48172780
1261
1260
1267
56329
51364524
1264
403171
1910
104013494
9588
55503
109381115
5360
1912
1314440
1468
212092
208784
1461
4843752
8433
8435
1312
1311
1310
8439
84982
72182038
206239205
38101981
555672
555673
555674
555676
122482081
2392817
99829040
208879
1880304
807325
1880301
73317
7722
1632800
67526969
3941
872867
87996
1236
1619467
141263894
99828797
1545260
56428
56429
241285
94490796
12892214
50648300
32094560
168734473
2755
67657845
66844369
54525120
83908403
60909117
55559
2374883
58877732
2392037
10498
196507331
6062
73368
73364
84966
2024063
84962
2185865
24981756
10493
2324
84969
92449925
201029
201028
88035868
214828
31257322
5977
15098806
93998
1543592
4546023
93993
93992
2291
93997
88036483
2295
2294
15862031
2114303
56284
6231414
1163757
14547598
2569
2560
2562
2565
2567
2566
1395242
73355366
56351
56356
56357
56354
56355
56358
56359
717535
94490379
2361
92449816
821050
7925
2583
207786240
2581
19883871
5021
167698199
41334727
2589
1861
1860
1862
1865
15091027
1867
5250
1869
1868
197030479
97022366
2024927
85590
65496456
16525065
7196929
13784364
6058
6358994
2102
2101
1838060
2638
60753063
1479130
2636
88013695
2630
2633
2632
61307366
9598
122176196
73806520
9591
1585003
9592
15086256
125150642
11280561
69046472
1905045
36894745
208697
2741
2743
2034
2031
2746
1297421
2039
15101688
39650086
1531
809222
11143784
18224517
17226674
1843659
7320
45483288
78300
88036567
11270158
23488685
1617
84315
84314
3141644
1788
15110792
1784
1785
15179178
7112
2241994
1669319
2033654
1079
5375
88037366
1074
1075
39169341
1070
1071
88036106
15992396
15093460
4657484
2193782
1095
1091
1093
296904
126351823
24988440
28071259
1750189
1750182
1750181
1750180
1674656
1419
2170032
1413
4640
4865539
12890488
1486836
1329
1304488
1480
15538025
10023254
8131
2876
18838548
66520460
203390093
208842
208843
5564
5567
208848
1255
8048515
1253
1250
36102368
103814633
65498020
102550408
4852361
1288626
1450616
92459417
15110715
201490
201492
5709
2429660
49248169
12890559
2334765
7420
49269266
87852
87851
14774291
2443279
201310
73352
92452098
2066595
7053974
38366840
9118532
1447
4066
5940
4065
178947146
4069
51080346
82482
82480
34038017
63608
20869243
1543110
2386785
10757851
1046
168828057
126351943
69365074
11963566
17721387
87998902
6114
6115
201278
26453711
4672727
181814802
2352
2351
2356
2357
56361
2185833
22975112
710389
73806357
129626026
1899
1472035
1894
1895
810475
1892
1893
41572208
1768
61954
47501532
73759070
93985
93986
28991901
93983
6023
204977554
93989
48239240
27272122
92450015
2640
952011
2644
1382007
2647
15179615
16794893
60571179
26142423
1225895
2169364
13850568
2006
602738
4586
1225754
4583
4582
35536774
19102784
1639362
1746200
126351767
2097187
61757697
57838561
24153181
2033013
37917328
10583
72395331
2024483
10587
16541885
6060
158069614
1240389
2177
169730126
2912
44889896
2916
2917
88041775
1792
1791
1796
1795
8175670
44615755
1843534
1427341
38260891
1069
1068
1060
1063
1062
1065
1064
1067
1066
15091502
1667
1666
1663
415077
18320431
1085
36892704
15104222
2297669
15095739
72167
199329836
238611
65495578
88040796
1047329
94490563
159359420
14629339
5977003
2296592
1485286
1409
88037732
1403
1401
1400
1406
1612742
1404
15104319
1339
1338
14002442
1332
676341
2392830
8127
8126
8125
49275822
1038171
5666511
94491157
207788009
2912703
7708
7709
1535
1242
1533
1244
66699010
1530
1249
606280
2247913
16600744
24186476
10817161
5673258
39138578
1661840
86009
1450968
99828427
74995954
94490778
2392728
56878
720630
7412
9981726
83735
7416
212323
67218065
39519873
403736
9631389
2239740
48425148
1536921
14631560
34207622
1448659
179440857
708909
717176
4074
542500
4076
4071
4070
2935183
1027497
197809
2392615
80226585
70961918
29052459
138331399
7377
38285174
322828
7376
1632355
1632356
208521
524535
2347
11071011
201266
201265
98351417
92456230
2349
2348
6101
219998
41640983
697437
219995
92449875
132632388
41461583
1196223
9014524
20938170
9983663
56783
56397
88043132
18432308
1887
1886
1492304
1884
1883
1882
1881
56399
59551345
4744871
44713402
16114230
121271866
24748088
15096985
1422197
15114736
14439377
2064615
164042535
1282596
810869
13024412
6034
121271889
92450027
2659
2658
92450020
2928
2587680
2651
7388
152922482
1314826
15102409
200420
7381
67071776
6835
9983619
64895598
2018
2015
2017
2292578
17705523
2012
2193169
1450296
2254781
823611
126351753
197709552
13572513
157006390
23011839
122482082
2013213
219996
200738
84336
84335
84334
84333
15102249
163361619
809447
10591
207381886
11085468
2903
28991947
2901
2900
19894146
94490995
2908
83790
246075
1427339
7728
94491374
33061685
88037343
15102330
116286
1658
704293
1852143
1656
1654
1655
19754125
206447670
1639027
1104721
1104723
35597366
76828152
137633989
18227868
11185963
94491019
1543255
33483893
94490510
1636
1543253
1388423
1439
105282588
48203394
1854225
523830
1458
70965844
34629448
1349
62485574
1340
2004282
1344
1345
2334818
15112287
20901606
24186514
7714
7717
7719
12894013
1266
14656565
1503
1506
1507
1504
9023089
1508
1509
14653518
83778
39149356
46879797
4843305
83563
88042719
1773228
1485835
1685167
87831
99828437
87832
720628
720626
16507281
2889320
8447
147862155
15087621
55140
64608112
20866355
50001113
204057268
2375582
2221069
20903042
5262787
11857811
4009
201071
201074
122482272
56543
4005
4007
38094499
121271510
88035810
15091295
82466
2392667
2449724
61750054
2235244
5662446
32638641
2387181
92449997
92449992
42874742
2530
15090232
2330
2331
2332
15099616
1492971
15888322
2336
2337
1819523
6130
1530515
51020982
152095784
14428821
37016785
2535
17715306
169271632
1582671
1582672
37039452
56427
1838057
88006
223054
1497902
1668462
160183105
1297
110683518
180610129
68153806
4678772
2247
2240
81643
42909163
121271899
15179279
116099
2013442
616810
87864
7536
1290466
42736978
11200265
56922
56353
2799
1625905
2062
61757452
3583494
2067
3604842
206239174
1029
88036119
1028
15315122
28299034
24465991
1180978
1543060
13901002
7247
84323
49631
19651375
2664
1132259
2661
13788195
92450032
716907
16537740
2938
16646972
2935
2930
5326
83664
10547
5325
10540
10543
1750204
94491341
14338652
1750202
1304255
1449683
1640
171989326
15885839
8817
6058443
15102187
9006618
164350469
15091196
395704
395702
95381004
1524459
27268657
15093945
24988145
1421
1422
1425
8022257
94490501
1426
1625014
7098
339094
19879449
18897281
65496091
1914057
160946019
1596572
67834475
94490815
1353
1357
1356
1355
1354
122482040
208716185
40714325
4793082
39349549
1584271
41032622
19108370
212236
1365720
1656081
1129
15417100
2906
1514
1517
88045260
1511
1513
4637812
213496
8565
5887
109381327
615695
87791
556015
468715
34034436
18336588
92449921
7474
150244512
97794947
4760308
872904
19790117
872905
91840659
197044145
10528
1251
9141616
18838648
535813
201067
122482260
115829
177786
48223156
1583866
526240
1736082
1736083
2318
2912102
88028931
215316
148544039
2428989
1669856
27267034
17449428
92449983
24447494
32873331
20391734
197843045
14790188
92449988
2323
2322
2321
2326
2325
1446
2329
2328
95877451
145536682
2074932
95380948
2292
201115
107153891
13012364
592200
356518
16596458
13684151
33314630
88041945
3809103
48464750
88014
1178199
8254756
15526168
1565
56734
7898
2258
1253747
1450617
2255
1450615
2252
15099875
12653437
16597217
613471
53283456
87996943
16446291
1620054
4800
2388081
4094
25010951
56281
10602
2079
10601
10606
10604
158989801
1253566
2074
55192
1131375
1246757
18317424
5558561
246896
618162
10422
74597879
9012908
49097421
208520
2672
2674
2435202
2678
69365827
2929
6832
33257989
1365224
104013280
2318827
2924
49018329
2926
5333
10558
10559
68704
68705
1633
1634
1980
1637
1638
1639
188539197
1131687
163142929
94490370
122481990
1485833
22843566
10884190
24692996
37017537
2368
165097663
28376808
7646
94490533
2365
36860708
1186
1187
1184
1185
1182
1180
1181
17586501
1614656
1614657
1744
1745
1746
2360
1614659
1584151
1584150
1164
1165
1167
42893590
42893693
245683
1168
1169
19789552
917656
145538759
129489300
2112691
17225167
1517783
94490404
2580
1553024
91801263
176801205
1293
1562
1563
1612622
7443733
1713
15085573
15994075
1711
2292153
8550
88037430
163478415
8554
88037341
8558
8007
8000
88033826
70967816
67566913
87769
442086
87767
1367
208954
8483
1363
208950
8487
10563551
1864