211997
7916
2231827
4670359
10557258
412734
2307
15882249
16183933
14783064
88036187
1631242
153898159
5822
2385289
5828
55298
1471426
208518
21403
10581
29785534
58702788
1576
10588
91840417
2921080
232567
1194973
2925825
56586
1793
56623
56589
56588
2855
1794
1490
1495
1653
5186
524408
2588798
1704
2441018
1061
74793
14657154
2097
873598
5850
56240
56241
2027192
56243
1662
34836613
88040818
1083
200572
1138095
253810
34068787
1750198
881303
56820
1750191
109381135
1538203
2542
1105823
211916
2544
2916368
37014782
16599726
2382
56331
2386
83714
2266
83711
2273
9154
1100
1337
1238
2024269
6933
2241744
1132142
18523648
36719922
14629257
1972803
533324
1840
14626957
170039497
148561620
1510
1537
35965118
1180678
1534
44722625
2291354
88045416
2162
29829326
1662723
9738
62341378
2619
2114620
1486501
10647284
1450966
1906
90655619
2231626
1471489
147338502
208559
34835816
99822754
12122991
31675479
180810237
952982
4089
13569662
2478134
28320413
197030702
1485232
2581418
139193970
205782409
29746470
2063
10565
10564
1397838
9761751
1620
625993
11143218
1179739
33366044
83907
9888118
15866566
20924579
2586238
19751878
78305749
5812
2243
904331
68692
29062132
56879
6891
219459
150244616
201483
1050
87998914
56785
2224
7070
47500874
87998919
2221
69011632
60869715
1691
208521148
5929
2567203
1272
60869641
56396
1827461
7350010
1888
19578356
1885
3584278
36840594
2088
2089
2125
677443
2082
245608
2080
2081
2086
2087
2084
2085
1472
2096919
268457
1474
54156329
1573
905172
56618
1577
2537
1574
4963036
1515
1306
73356
2657
6102
595933
595931
57856145
595934
6837
5070
7387
168047651
1836
15518334
1835
56955
2368573
73758746
2407
1373
2405
2402
2400
2401
213662
2016
2011
7752
62636631
88044132
10524
126351696
5385
5356745
71739123
121622
10302
4030
4033
1626707
2435985
35390420
69670366
4846
477000
175682493
56433
2327240
2392719
10594
974670
2176193
6856
208139
708526
2904
5870
56592
2221024
1482
2246
1838062
1489
2308
167524054
1716
2435932
2300
88036502
14674804
2066781
61467424
9570
634588
215415
9007382
201427
5848
63626
8777914
1274
1450171
414088
107137708
201121
19767787
9141251
2830
1638356
164182813
2271
2270
1838048
2577
886842
637783
2065
7689
20918221
207787588
192904993
198022987
1530992
16797366
103984303
8502
2064436
61876192
8508
1517494
1343
9532
208668
56913
122482054
704359
56918
1607
68124792
1879
7713
15846475
19972881
2023494
2059
2118
1500
8610
6045
60931516
90656332
10625
2624
2625
87901210
707847
5890
9629
178944287
2576887
10621
62802113
468891
2646
7561
2478678
82412
67217707
911319
5710
53863
197736328
2083
605447
605445
83564
60866590
107165567
37353018
212096
60918302
8561
208518454
176116989
83690
111517
9753
30660142
58398655
10555327
1668642
170054894
8051456
2931209
1473
90656659
5676293
613720
211944
11084323
241972
201373
2872
1491379
54506938
56312
831838
7034073
33203107
87912425
1025172
1572
32882081
6860
1397492
2239
2335
1396700
72394791
1048
2235
2428745
1683
88041936
994886
1686
1689
2026684
203551368
1268
146879773
24431090
2095
2094
4572
2096
2091
2090
2093
34038503
71504048
2099
2098
1547
1543
4677
4675
95376952
1467
11707
1460
1463
1462
7390
103964095
84981
2706
155109056
4739938
808970
894810
8429
2025946
77101723
7444
4873
56881
47275983
1820
2068
2410
10612
1388
1389
72965
2140
10619
10618
1386
1387
1614277
1381
1382
19111106
60918051
10534
60918192
245245
3945
873505
68853840
1450908
93657438
71967006
55749
45345
2663
1442653
36855110
5312
1442654
211490
84456
1678
10545
43865737
535926
1027407
235960
1750201
2220959
1750203
8264057
84960
132669414
1975378
1649
1721
84357
10546
2014934
24971072
5976
44603333
56676
339257
26957734
2194
208986
2802
34220678
43415619
2201
60917985
97794517
1047461
1583
30599695
2404
154168357
92449818
235933
1033
36721386
1450762
83777
51439659
1450761
35425113
2586
2584
2582
28866765
34402417
87977613
993974
2588
26186197
1863
720508
37163277
39449596
4858
53906
53907
53908
212238
1456
209638523
32874480
11730
7995
2103
100445537
2100
2511
1512
2297511
14655741
200479784
4086
10526
4088
2634
48877
66595
2223
5889
153228
273677
60869800
7572
1810
9558
381456
71746825
49995136
37348119
1880054
4591
2747
14355881
102567417
874095
606282
208292
74775
74777
74772
160932893
1522
55303
74778
1626959
1450837
1552
88035843
62772589
1449929
62947375
118183
37358548
8243157
81381913
9295
98361308
71770324
1973
1965716
4015
13045433
526241
10614
1444421
4641653
9021576
84312
31273297
1789
201025
707709
8025785
1782
170182926
2912245
56542
208703
208701
8284190
209267
6128
209264
1775
1774
1771
525229
395325
16440975
201118
219786
5906
88037043
185922537
201114
5908
1450058
57614493
11374220
1154
1440
1098
32823430
10523
219610
215381
19972856
1750186
1750185
87087
3292191
8027685
18421757
28836531
2553
29982075
4642
36102564
10522
9899
1418
2558
2394
2392
31682294
2391
2024329
37014203
84403
84231383
2399
2778
11078480
87869962
2774
2775
2777
867672
65930047
58392276
2924473
1954467
1858
2781
208841
2783
55138
48058839
7520
1286
1525
115261
2078
1399
2641
2073
2071
37021159
2076
2075
1390
1397977
7524
145229180
8358
91295242
7695
22842804
56311
33203216
60450450
27066642
2250
79102643
2077
2435287
2920
2922
1190341
10556
10552
1422133
87996123
1986
84952
16558175
61468679
2442797
332047
6765
36721765
854827
197140949
83560
5860
71024369
1852604
68684
1442215
1442214
686629
68688
2180
7649
953974
2215
2214
60760557
83776
36665774
5365
67217253
2374914
91840661
60918240
1584406
92449861
83581
2587
7284
356421
1200
2345733
213890
139588613
2135
602021
1808791
4929
34835632
79925
17347408
1569
1445
1444
90656319
64482
1290
64486
1566
2648
4090
557892
874035
18823237
1449746
208818
39320434
8552
10548
29074601
87867303
31637261
2478754
83582
1288
595929
2780
19111525
595848
188743400
2782
168733736
7469
1782132
4589
208819
208951
92455421
4581
525690
1369