2098386
1866
22668186
4026
4027
4024
4022
79080811
4021
606279
606278
4028
15095417
48598594
168828375
28068538
1619094
15102626
166512661
13893882
127174436
296369
12761620
168187773
3999
3998
99828585
15088887
3994
3992
3991
525871
92452340
197030621
4844
832327
56585
56584
178940758
88040946
37020024
1652
206467718
88626
546230
127400
18399760
1829151
4865048
2921284
1783
1545774
9781180
61497853
4865280
6793
169730003
2319
12255759
2317
2312
2313
14631911
2311
14440559
2000
1111859
67841945
207787278
201433
201430
704350
134793863
201434
8553
13018266
2380295
18825083
15099969
9002604
25010309
34580715
88041950
1059482
247684
185884433
2709
2334447
67113018
13673397
627137
1530220
2268
17224080
2262
62634016
2260
2261
196502485
1247046
31283992
197852
30664187
15110885
87841257
9257
9254
15503642
56400
2515
1111696
874285
1667484
1667483
1224088
247460
65492307
2047
2044
2045
26396019
2043
219301
44782121
2048
2049
63273287
1240784
200295929
5983
1449045
16573557
1449046
60911381
60752739
197685892
1552851
2161042
207787891
1669195
6139872
809091
181463724
1898408
122481980
83871
10386
83873
10384
10383
2038
18411845
10380
9631
1179740
1179741
2731
871903
2911206
2248183
68151893
7264
2733
7262
33313674
2689
172654934
2685
2687
2681
209144
1518009
1888385
1632185
107154124
1437
35598248
7510
16644232
83587
5293
9744
209043850
10567
50564390
9742
90656120
1991
1990
1993
1992
1627
1965849
1997
1624
41741137
1629
19036485
49097567
8023018
67862179
7519
1388424
88036938
64727635
188541822
17336023
2015108
15313326
2866
2867
2868
2869
28383529
2185308
1626890
2319120
8046817
48186058
90656343
7678
7679
7203570
1449322
2531
58458
16767792
1105080
1905809
57839616
1190
1193
7072
1196
43750239
95139623
16521224
1758
1756
1755
209638480
1753
1751
95380954
1176
1913643
1378
52128355
525420
95381038
2184573
178476764
92453378
11355550
94491117
28321265
1904353
2158417
14626917
19871109
50625453
1283
15185044
2436394
49257223
158913964
24913537
1596355
7180
7181
2573240
1570
525513
1225970
31447184
1619400
401626
208265302
179441201
35741956
450829
12892755
90654798
171125089
17608858
7456
47506234
172005042
5975
31677314
7453
155035761
1180981
87777
8506
1180982
7458
7459
8493
1370
1247670
1372
7690
11185339
51350034
1379
2247713
461090
179440201
2032
24726971
30459148
2176109
16651866
12843402
1382107
1906026
1429162
88045201
4032
87756
9979096
7498
14675162
1249162
87975
8388260
10483
37968375
1245
92452298
92452110
169869710
1290347
241912
7521
182748328
1269
110940
7528
469264
1517193
2429562
397245
209625296
1780545
158913974
18411052
199133440
413468
413469
13887595
88631
15105712
12992265
544175
542220
1429096
12653567
6781
6783
5677827
6784
178947085
1680637
17369081
2128258
2304
38360170
2306
201428
2065560
60833596
205928464
95380922
88043767
207398650
67658661
157856342
201426
1289454
7942134
9001959
215203
48339594
60331873
12770553
1170824
5915
1632267
5371
88029082
92449896
73174291
15095858
12893750
42631649
68151950
151289691
13656496
245815
149216
15880252
10007935
404297
88033
1282716
12127593
8140635
13039444
5913
7493
11075158
1102671
1102672
2567741
99828624
7351
1366101
32896304
61463089
13577583
1449459
11187224
10501
183085420
173058478
56917
26678307
983853
2050
2053
13021492
2054
2057
2056
2058
43603518
199133620
4822
43606228
88042741
710880
28371179
10622
10506
150928734
203389991
10011858
11990567
26168636
126351794
94491289
717180
873913
1966417
24195126
88042988
247250
247252
8559
9622
88042981
194819965
38358865
1365573
7456968
1365574
2366814
190685634
195336390
2184493
5675319
31478701
83923
594316
14524606
15415312
2698
88041986
2696
2692
247686
1239895
4574524
107154110
83593
1180064
41632213
1896774
8055596
94490888
1314297
10579
88041815
2388066
2393220
61577101
1970
2388062
10571
2388060
63247969
14458579
1969
7322
1619
1616
1614
1967
1960
1613
1962
1611
88043536
88036412
88041181
88042911
1111623
2543
67871151
2870
2877
2875
63242243
2879
2878
7669
2075355
1674368
17352261
7660
1232869
7665
45532597
10000598
153762734
1105079
1596294
11077571
339661
1906754
704297
2077553
7060
2192893
88037074
1638115
198995154
1760
1766
167846486
1764
1765
195997553
21271591
1146
1147
1305918
181956320
1305914
163478328
16177006
8475
2297485
38155215
109988
51653795
7529
1546
1545
2926198
2341217
1524805
140416568
205113969
207788290
94490601
687941
189433772
67938
100240455
56330
1105181
212151
24715527
18944909
2393269
51075315
60430864
19040486
17580868
1517965
57668972
2389
2392797
173231936
90654785
2292392
903312
92673073
1518985
48338528
1674417
16625488
87743
87742
87741
87740
974442
2241998
87744
11141775
7685
7684
887252
1443622
7681
172017987
1384
1486894
1380
1383
1685168
3830327
2253399
2101480
15096002
19979090
91840440
87998454
1486254
10890527
8244475
88043373
116284
87901
19034087
92452108
197304
13638802
92452102
206239296
19015651
52248933
60430515
31461077
1543175
72396395
7533
92452327
180301757
247574
5275
2449271
57668614
5276
92452329
94490389
15421396
138345089
1736030
2012716
67073068
94490958
6779
180819545
43615639
1772
118144
30202128
88043638
1307
95877647
92456597
9004128
64724890
397871
202587337
68151721
88035724
5394548
206227857
617716
247068
36720224
56673
34595372
1297282
17721091
240548
47412424
208393
170377598
873822
397478
1583725
70737380
2560830
214345
4967664
2204
10749028
4753539
88043117
143448140
93687
12636955
4059
192204605
2260552
1679
1379753
4842981
1838056
168190344
2420
2421
4876109
190753827
2247939
1381227
83883
17298
2436225
17296
1194974
2570428
2375630
15104428
8876969
1028433
88036109
14637146
7991
6746
121271430
1956794
121271432
7994
3831838
7999
2517
2510
2512
2734
2735
2730
9613
2732
5299
1620792
5294
1131437
2738
2739
159442393
165730320
15988647
99828690
5054
83856
1422585
1844
1196586
5052
1814
1815
1816
36719973
2298172
1812
10557199
1818
1819
346779
121271697
1818257
5543020
20937181
37227544
16435303
16424043
24481721
618057
1224515
14415654
1151
1163817
14085176
42905127
207786420
2569146
140413272
10564153
2096509
94490892
1609
1608
9296
1978
1977
1600
1975
171346360
1971
88036406
24702798
155029140
401697
911566
56545
20419802
104013414
545305
19880685
809097
56468
95381047
7954610
20416562
5477
15195761
2290613
5473
2290611
35941696
201174
1457
380378
180610746
1777
83634
70964211
5273
7052
237976
88439491
34553669
1779
60758432
16553497
2193625
12097756
9633
92452411
158990047
157012178
1389141
207785964
1389143
85618
92452413
92453194
1155
1162355
1157
2392743
104013075
1150
1152
92454400
707634
1583868
198993937
1551
1550
1553
1247051
196987362
1554
1557
18895955
208612
15090942
170054993
1543176
357071
140710948
18933642
216462
252763
9142700
1081
10382
1524456
60430855
18504258
469193
151151879
178945031
99828952
2392782
8252904
88037823
8522
94490575
8524
19583890
2065345
7948057
355049
159698191
55134
1903
15112486
1947202
60868874
56317
1397
1396
1854387
1392
147340127
34430639
196025167
61462680
125896915
161023
8453
37021723
12773376
7269
1246978
8459
82432
82433
12887701
27192921
37207351
468629
146414396
158278389
1414
97635844
3848869
11189792
1181740
1181743
596201
72334276
7541
7542
17456862
7544
7545
276077
72154714
886915
87951054
1583645
207787683
19028002
147308161
12889380
2221363
28805299
49019250
1668701
95372061
33315019
42908359
103947550
14663930
6766
200972
99828731
1519372
28806718
88043744
31257251
833731
17608899
2688
39272879
15400089
5861
4714
356704
92452268
388922
5350
152751361
24489556
11187338
2684
51090760
2440836
24980835
15429404
390366
247655
88005430
2213
2212
2211
2210
1248632
16002248
2219
47431596
99829035
1027257
109381436
88037830
215350
15192401
215279
92452313
192059713
26714988
83691
185487577
1289982
41887049
201279
121485122
15539862
556724
14002922
3563548
191036056
2449518
15088610
197030396
2185534
8865311
2126898
1946932
1537935
5260
2925271
35962663
2386973
161290199
121271913
2509
2508
28999821
12748261
2505
2504
60760074
200571
2415980
215472
2727
2725
4572117
5283
18332973
193088553
2728
33012218
9004903
4678475
15110928
10379
13040070
51383894
209173
209172
1805
1804
1803
1802
208506987
1800
169729687
28401752
28783646
881306
10512
2025968
47504617
161289957
18308819
15526259
14439063
170039374
2291356
1297208
83934
2231666
37173971
18409557
88037465
17370110
2534
10516
9770
178944390
5055
1524
1948
1949
2478723
4000
1942
1943
1940
1946
1526
1944
1945
14637020
145343630
1028356
11736190
1947
1521
2859
7463122
24632508
107154004
14770135
94491206
1545085
2193278
1398
1530864
1621
18897104
1491
1492
3843451
1494
1197439
2023835
83909
206239131
15098844
165570122
1626
1700
1701
1702
1394
1705
1706
1707
1708
88037050
1854719
1996
3253680
88037057
5268
161288847
90656687
209638475
56819
1259
4682218
12272163
88037588
1128
8608
2174712
8602
1122
4577
916741
1126
1127
2538
1390310
2291643
14553632
1471028
24455291
35922287
88013462
95139527
88035865
50642491
154117638
886707
158278736
2225609
531690
111020
211426
158276937
1584759
18932913
31267982
83715
104013403
83710
2192678
83713
1027885
13036501
2176489
1237
1230
1231
1232
14085285
2024182
37056480
88035984
2588983
2527
88030841
99828945
8047869
94490703
126531084
52318581
197256
1938680
206239347
51492326
31638424
166813319
4776499
43997434
88042258
16763396
9766843
4775627
13043713
72334088
194543134
66554
1517433
1374
127299
330652
72226
2862
2242007
1966
94490678
13773614
1254709
94490670
88045380
1471488
99828836
92452125
10559626
92452127
37172608
5705
5707
87923
92452128
12886643
99828546
11202918
34541445
204835042
207408875
88038091
7550
96679836
21425
5968094
92449973
2392116
213241
605530
2063619
19542172
2752
92452131
1536525
172429
24122612
895209
88667
16787712
87965368
94490486
10679359
1845003
95381027
1188062
169730381
70934
10898325
169730280
468624
5810
5811
56471
2184723
88035740
178947051
24741613
207787542
2948
169160231
144129182
28584745
2947
51157767
14655340
1669455
1939039
126351874
126351875
2945
10728
56780
88042404
208649
2228
2229
2226
2227
15874959
165420972
1487103
60431174
15088795
199479439
88028967
5927
1230357
158988583
24483208
1828099
409687
26674309
2241067
1051
41033300
2333197
91840848
6924
15097093
854732
206238694
2024571
4072
33449453
9004470
12873469
2449036
1525482
1289088
15114329
4926
2392653
125213835
201214
15098450
15307256
2532
92455226
88042081
1857
88042084
9634321
169729211
2714
1624298
88037024
5078
595930
8783941
84387
94160287
163199730
104013534
30637026
1832
13027393
208352
69364230
208354
1225628
1834
88044708
219271
10744887
79756085
1839
9859636
28819235
27276263
2406
270157
90655688
535479
2670
4746042
38320196
1693
15968537
10525
199167100
948489
948488
948487
92452401
1955
200739
1957
1956
83945
1950
178205920
1952
2673
197522
1958
16582051
3854352
2502
2629
61467559
7310
7312
1825
2291503
1224448
1230546
1734250
2254648
60634434
9025989
2284
182599489
94578715
107154015
708529
15095802
36712868
2092186
2387969
28150228
15311203
1486
1485
14002628
1488
5253
5675667
1717
1715
1714
1471370
87871903
9976828
49522881
874335
24718276
158991103
178944230
704358
704357
704356
704352
15503618
1282119
1139
1138
104013505
59555643
4063
39192552
1132
1137
1136
1304090
2060
1583803
17607477
94490457
1178
31437903
2372822
1380292
212101
1047459
1896947
7144
4877816
7147
7141
104013183
1537864
99502022
395768
88037337
13783191
14568098
12096276
198996665
1233101
1227
1226
1225
1224
1223
1222
1221
1220
14549887
48600104
11275930
1229
24654490
18413082
2882
2883
2880
2379996
67658209
157856728
2885
41632037
224211
2889
179590422
7494
60758562
8615
8611
1290468
952032
177031717
19584339
70935347
953477
65514602
60430943
18932538
1946689
14774952
170054823
591959
51221967
2367557
1373150
54716291
209046471
1281
8477
1584813
1027652
15988126
1373794
1280680
12841496
160180345
545077
99828536
82413
82414
10749466
7568
7569
9771348
2740
159710453
2247449
99829006
1231982
2194873
17584315
1479009
8066627
11351659
710668
2177380
2253
1903819
92452396
1235
2392100
9863442
4760
174823
153124828
51660616
90656265
1545709
1545708
18527537
56465
56466
66073885
1974121
56463
87965373
201177
4843157
1472497
88041921
2501
99828447
10010116
59859914
468798
241971
8875132
8021998
11186515
2065610
56318
56319
56316
10565383
56315
160711786
208782
49257420
168828134
595160
126351846
33257890
88035794
245859
2238
167810630
36988589
87996213
1806
167670
60431165
7238849
2233
2232
60431161
2234
2237
2236
82367
2428923
5377755
1195636
88044069
32900950
1820090
47018443
888113
93630217
1289309
16555590
4641
8024783
4571
4573
8137149
4576
195336225
1105822
7367
26245319
10670647
2525
414391
48469815
2520
5313
8733896
92459182
158069359
2528
38263607
2012784
172607638
107153908
13174581
88042096
88042093
6808
198144671
2705
2704
2707
2703
24915176
14349089
36716336
1364437
1396409
9179
126573102
72396222
169729896
2385860
34439827
118915
42602446
1828
2169937
1827
13189366
1821
16174317
16514149
1138094
5823
2518
1139771
1138093
61589989
2418
414085
15411253
195329580
1631736
8852424
2296986
159472623
10536
1071485
121271621
99828872
2013583
1920
1921
1923
35744647
26171796
1926
149574136
1928
1929
1397043
155881321
1965833
209044647
38121199
90327474
97767380
207573887
7361
7362
17320725
7366
94490731
4861663
170377751
94491016
1444473
30414027
5372995
1444474
15105837
16524088
182582070
1767472
95381079
72394901
2561
156782832
34608650
2394162
12774697
69045590
208753
84086270
197022960
170187227
197188396
1728
1729
1726
1727
687832
28063015
1722
13660900
1720
84355
84354
84356
95139504
83558
83559
83884
1897955
845780
34553188
2193457
2662
197068605
1180329
1516925
4570331
104013518
4836212
910882
59770725
42011986
18897272
88036747
710577
165622258
208650
1589
356793
13022003
1047460
7155
15840571
1940106
88011664
189433884
31245108
1038
18840039
5328
2435816
118394
1389007
1036
1035
8069091
1365933
1210
1216
1217
157925851
65496824
72201
2158379
1647
1724380
122482162
1047223
168674913
171125373
8004
710582
7483
9908789
1641
19030652
7489
1637515
7226980
1571
2899
2898
35387671
2379614
19028819
1938023
2891
68151547
2893
1454
1107
4843941
1105
1102
1103
1189
1232495
1459
1108
89652069
4080
27192997
1232407
4084
11354344
65493856
11140497
9143808
2114602
92452182
20532468
1723
2426980
18226013
67077232
88035899
2484684
209046463
94490612
1448552
1897375
7571
7573
164345329
1197285
236017
61891629
1890
402788
9810
149328686
1891
94491185
8606
24914599
11272673
2111929
832942
2911983
31277525
1808796
4741801
19646937
69366236
11730412
64737388
2074831
92458696
1545710
2428266
72385543
808713
17235486
1808792
1632101
39517908
1808793
5837
1974131
11146915
2372952
169869079
60604951
109381396
1946688
5839
1545396
4777152
99828983
17584185
2429628
99828456
1583585
1827141
88034141
28060658
29940873
25044107
92452216
56328
9024545
50749299
2428861
56322
56321
13030196
2745
30658624
188684122
201173
2621
24746934
88035783
73319
107315872
13890474
2114192
19026153
201528
200832
151285737
145546186
99828673
1254634
205928097
92449915
707668
3802950
53515572
37210276
69045221
7460917
72002072
2386839
92452135
3809267
2507
4561
4560
15095178
4566
4565
2506
1046840
4569
61350866
12891075
2552
190379345
2555
2556
158988690
2559
605647
61470235
163547332
2396
887343
88042062
2395
159523718
2390
15086553
8141620
4780534
1450758
2779
4899
4898
45195
2649
2770
2773
2776
475796
209640104
710878
208506199
15091073
1255346
124464
92450016
874242
10573663
2368737
8245031
1538283
1850
11715
72540013
14772536
24997635
6064
6065
10644
355446
29006870
88045129
2318723
9547
9544
9543
1595342
1906464
2604
2606
2600
2601
2602
2603
1290207
17575504
49261126
4843047
12892072
178946983
5284
1933
20769010
1931
1930
17294813
1936
17164894
1934
157006507
87254
1939
2101560
1348
88036445
30634796
69366001
1442729
159342933
7372
26170443
88036449
7234
7374
7235
11211529
414183
49020815
88042113
30442514
35744588
160327194
94490583
109381457
188271108
62770
73352255
6231997
126351720
2896
2639
1739
984657
88037554
1731
1396618
1733
1737
5237
1888321
84343
12220099
31307927
1114030
83561
105531812
1114034
1852605
92456600
1807
104013525
10541
707676
2192131
203388075
545435
67631
1594
1597
1596
1591
1590
36854156
1592
1599
1450
1031
34411326
38360516
124259847
2380598
7166
5298
9006938
94161204
15878445
17445056
699258
58708515
207786598
72324171
10475
66937082
1209
1208
1518984
28141103
185445203
90498220
114689
1201
2255106
1203
1202
1744808
15409254
1809
1132033
1914960
11142052
94491060
213895
24652877
26716011
87972970
2894
1111
1113
1112
1115
1442
1117
1304941
15108337
1118
18512500
41479814
4744245
55198
1350
1181653
160761595
4095
131185
55193
9983586
196997800
5578801
94490623
37173737
66588
1965572
9697
10006669
209046454
10476
2033
50871339
2098205
2927513
811789
1380529
9807
99829020
9805
625770
910879
1471610
7741
7746
121271353
7744
1288470
19884955
92452196
9000038
201168
18397614
5562272
223355
152379959
15084587
283014
111432
51067267
205928399
38111932
13851923
5824
5826
15836704
1578
14787507
910866
207713962
99828463
2297888
15533714
26200464
99828711
55531
170055224
92452026
55534
7927970
9763372
56627
72176783
15093881
73308
948490
18841519
1938558
15529126
37229043
98967063
87957907
42631522
15115429
56526454
201530
1567
13039936
1594027
99828644
32873738
1231545
24426054
69044417
2310
55220
617453
5914
56242
245811
64760342
177767
65034679
192204659
592198
2288
48467930
2167755
396576
2333907
2926169
36840789
92672596
2890
139522689
6386218
172654029
1027498
22723830
638727
140413637
67657513
1381905
1106
2547
73759132
203389937
2549
2548
1104
2585954
2381
2374824
88042070
2385
19851535
2387
88042074
592284
2388
107153929
201223
4576813
1781756
1181515
2769
58392954
19576279
2763
2762
1453
7918
14518458
209080609
7908
2436063
201494606
617239
209640446
7900
9289
87976270
30616074
28409530
2065845
1843
49970664
1181817
1846
1845
87999546
7220741
37052947
9014499
2428701
13018694
9550
618058
1248906
1180676
7308
627766
11275071
2615
2614
2612
15179355
1170823
122481960
160327210
2386754
2618
88041807
159088926
87248
1909
1898564
122508376
42738117
1900
8167484
7012160
6252542
2913758
44907047
1442733
15107954
809558
88037836
1442734
1632268
27302668
10573214
28998352
209022
2478845
88042102
1905276
2274
10586
1596072
1224863
42628657
973819
15201655
1898701
1768164
83575
5229
2291451
704300
1233739
66592
88041599
1898492
1545513
26197780
1366386
4842828
2576
88044061
88041032
2910675
74776505
193086979
1416
17345421
2575
6360110
2279
24719192
64603782
109381326
15092623
2913
6895
94490951
18826786
1373149
1240044
18929357
2944
12729197
2940
90656397
1052
1053
1055
1056
1620416
1058
1059
2393999
1696
709571
1694
1695
1625528
1690
709577
37424970
30610110
107154047
3818369
107154040
2297431
239974
1596456
122482144
1270
1271
1273
1668828
1277
1674472
30396806
65495386
206238798
2332358
4877337
90656268
953405
953407
90656262
1197284
80440186
135273441
1470
1493
1476
216565
2033075
1478
2373
60746140
163006873
103814610
10752027
24370414
149328555
1302
1303
24750959
1493088
15095494
15108474
55187
282152
55185
94490634
209046442
24940403
189632359
42051931
87919306
94490639
88042898
330740
208670
5582
179253072
2912735
4570335
1313864
41460627
88040852
60909672
2591
72225
595269
41897855
7755
7754
202720969
1181229
13900414
5267
2921917
31467453
2435012
3938
169730085
132670435
2599
1946238
28409054
15862715
203432849
160351813
55236356
99828483
21259576
1232775
109381371
109381370
208004
8050966
414510
83627
56432
56431
7475
169729858
29943885
5691
15108137
11272054
65713569
14350281
5699
60430975
198845745
92449804
92449805
4853102
55529
102544941
1231397
98120016
94491245
2192
19026690
4571185
5969459
84976
84970
4042
2441001
4048
4049
11187961
5969
1471427
1531761
1821208
1131830
99828891
56507
1471429
195337925
10750379
2051
15231955
208506510
1669
72966250
983852
2280
15999977
2282
2283
185488218
2285
1195404
19854017
78005625
194364202
13667925
1437570
1665
88042186
1027337
90654808
873634
9018744
356980
2574
167755
2572
2573
8730483
17504236
413980
2378
160327211
17305
199175094
107153938
2371
1373230
1781568
2595
2096369
2597
6218083
2593
5034
70257206
5033
1876
1877
8507
195336302
24434232
16509861
1662847
7912
1297347
60607446
7914
73758704
9876074
33314665
38111115
7022639
39184013
2478886
9142311
94490721
2393
6042
414609
1436311
163547264
6044
1606
34367390
94490843
55225920
2622
2623
2620
8601
2626
2627
195997488
1746311
1746310
11142867
1130694
75672612
94490832
1919
1918
247399
8604
1088
1915
88042219
1917
38325105
15102472
88037903
151715364
48467470
2756
2757
52129801
2027
209014
2753
13024167
4012
15086884
2292742
10495
126351808
1195737
2758
10490
4010
1397256
911073
534107
160350409
25223696
7017498
15092430
10474
10477
19120534
10473
49399404
15097159
94490974
2076226
1449249
2319434
17301
180639354
10155788
452493
196712440
24193054
207788348
88036002
1365506
201499
6148496
84364
10747848
84363
15090877
160327205
84410
203579172
160327202
178142787
92452171
107212651
14665979
90656389
94490946
710000
9776817
9094242
2241985
41623621
88044091
88037687
206239050
6861
169730333
9765811
25274164
34030415
1040
1047
1045
1044
1049
88037371
94491300
1681
1680
88464938
1682
1685
1684
39300249
88036179
1688
49013424
1613252
122482156
4642169
24935641
102554935
1262
1662447
1485285
61306221
28399385
2015160
127713
3016849
94490548
10137158
17341088
20401905
62630197
88617
15112433
1161878
90656272
88037737
1469
5274370
1669254
11078813
1466
104013541
88037753
170186965
1317
1316
1315
88036400
1313
858891
1312477
54716257
10739033
8438
2563333
16648925
1319
209046435
65954136
6912
178945941
1248277
88037992
26185177
6919
65495087
2290882
2009
4570329
97636175
92673374
9143138
65497862
1829760
21275824
148710188
70834651
984817
1880303
124255730
7723
60757779
48203679
1234
65643186
41897629
9774712
60435711
1946004
110452800
24992843
3946
189434136
1619466
88041767
56441172
869123
88036394
19126115
1026694
1027883
14085230
6129
2026
172431575
7435
2925297
1479131
9890516
85831128
103736756
2020
50107954
7438
3291214
208128
88044855
1820980
1451168
209043645
207408773
88045356
199133514
31838027
13658587
4057
4056
4055
4054
4053
4052
4051
34017231
15294797
84968
4058
13548591
949898
92449927
92452429
4742304
92452426
2759
92452421
38308806
214820
2299
2298
42631224
2100928
2293
116285
93991
27295705
31439337
107153895
93994
2484742
8249183
56285
56286
1632037
56282
56283
2568
14418402
39479422
30615589
2563
72260006
56352
15989106
60431659
109381338
42631319
189291371
2367
2366
179252829
88036134
2363
2362
88042588
94491153
121271443
1073032
19789896
67514607
5022
10822129
7929
122213712
79444074
170220861
30152646
34022996
9015812
116196
38305454
105531959
64895421
53904
198167296
33261025
7701
1620369
88045115
35744723
1673912
1838069
17447799
1838065
1838063
85106323
208506493
2248394
55814555
92450007
2635
2637
2631
87269
11083625
60759024
164184304
9867
1668336
1382332
1449321
5292
7254383
4842938
1560
178947189
1241
90656157
10569070
2386830
83857
197030075
2037
10489
2035
6167262
88042125
2744
4594
11199822
2749
2748
10482
9769690
199133645
874093
12865645
15306898
59555958
29042414
719812
37404532
13683864
182549935
2765
1843658
1248
1450057
2291047
28782500
39513085
170168340
30192950
15107846
4764923
17357955
88036763
197171569
211833
37232500
84313
1538
14035437
2291443
36874638
88036588
1780
1781
13898731
4564
118905
1786
1787
95381122
207788216
88041560
88037695
15087984
67072801
17712359
1631794
1078
1854645
1077
7451
1072
1073
5373
16526331
12752738
1675
1676
1677
1671
1672
1830
1094
15970933
1096
1097
1090
1092
1719
142217632
52758785
26964898
160425977
189448976
65066331
1750188
1750187
1750184
1750183
5676721
90656287
174059
1047330
525129
1767546
1197133
10559334
30397602
170187117
70965043
4669324
1411
1412
1246979
216506
1415
88036616
1417
1322
182602848
1321
1326
1327
1324
1325
1328
36724832
18840168
88045402
2292020
1112838
34581667
36842001
24632053
29982438
8130
30192614
1524395
24163944
208844
94491141
379884
99829076
2397
5566
1390153
7759
1256
1257
1254
1527
1520
128011396
11077328
212266
48483922
7736
1258
7734
15105785
1916
13037742
51656547
88041861
1373229
1027955
6074
1450970
4737801
31246197
90655664
14002038
87867610
201493
2011248
122482186
1821124
12696534
87850
73357
23437820
2184618
15533478
5011
202587392
28416473
197708638
197685750
1780769
61743968
88043198
62938117
65811472
10837226
11079425
15110620
2912444
4060
4061
2925560
4067
4064
1102807
4068
45197
90656384
215520
88035873
594552
2392607
179590341
35932341
129620706
15109184
208621
5362
197437
160889026
195336255
247719
2483818
49019408
88041828
204676058
87998904
15534389
92449920
178144957
201272
16681089
67564718
404375
10008620
41032342
6112
6113
6349977
12117933
2358
2359
12876075
2184523
2353
2350
88043518
56363
87933766
201478
2355
2039636
87950639
169730044
203389678
2167659
127205832
1898
191726907
1896
1897
62638767
9001061
90656444
1297283
4923
1808794
65494617
70965278
1780544
4696
158232286
196502605
4982099
105531923
169870036
7663
178047070
93987
69365465
17714612
1838074
16791620
1382009
92450012
182703671
1687
67526291
1491251
2642
2643
68153647
2645
616019
1762
8070834
65493243
34836037
1703
197736496
595849
1047331
9655947
33045615
2003
209078
2001
2007
2004
2005
4585
4584
2008
395132
2393178
9003353
1142
211996
37407189
36841173
178034208
1639364
63242168
6146370
5322
25273032
1379485
1379484
12635962
6149844
208516
10747868
14774390
1144
146801388
387897
10580
3582010
73786034
88036803
2248145
105803818
53282916
1148
808981
10607
2910
2911
1799
1149
2914
94490968
1491312
1797
74494396
94490962
295566
1427342
48982211
1843531
1163816
208673
208672
11086803
2392125
5954
170025251
1620469
1449869
1449868
94491362
13637661
104013365
1397633
1449866
4075
16519142
346531
88045122
19663948
1668
155093749
1668463
41480270
1664
4763908
1661
87999759
1087
1086
1084
60834031
207785879
1080
29033637
18896775
15104229
8057763
1089
2233628
123211
72146070
49543857
1750194
1750195
1750196
1750197
1750190
26693605
1047328
1750193
85115501
15112142
7638
7639
1940232
2247130
49228316
30663827
1408
2023844
1486951
1402
1405
13660289
886688
94490852
27192498
103736758
1335
1334
1336
886687
15999359
13659416
52307315
56473
72373317
54232914
8129
8128
1767776
1104084
8124
166487121
1889503
99829065
19576520
1281997
99829063
1932
132573011
88035967
24466769
953569
18518203
30676638
2392548
1240234
1826976
1240
1243
81231044
16455713
1532
1247
1246
1937
8906695
26675566
208699
1539
525797
42018930
1935
69366639
99829080
690916
36720710
169730231
2939
90655655
858983
74640162
95380989
201487
14038122
1905206
99828937
19791391
201311
169869990
1523
201315
4974316
126351709
88013164
2112171
7417
7414
7419
403735
7512
155093692
28397459
11353365
177817033
2366972
164059240
9004153
1465
1635
1831
889084
88037647
14574008
39348448
889082
99828686
95877232
5953
10575058
60762604
19871887
1821207
1254777
873555
37234796
173377851
2063663
92452152
241624
92452406
92452155
20398084
2392616
32828647
7278
208518432
1450563
1545176
107153877
151105429
61481414
148710556
29000869
3609085
8049037
1314
524536
134168571
104013382
195353036
12888878
35932295
48079065
2345
4874786
94490358
2346
2340
2342
397753
47430701
39346602
1314825
38335372
6100
15110523
55572
120001
11144804
2414742
95380966
160712295
37983803
17456119
2344
18828926
207786063
3831515
2679
60625102
56395
12629266
162994533
1889
56391
3849045
1880
90655629
47500125
71959010
4001
4752272
105531937
2392579
7223
152612681
44004227
1838049
60451381
209046436
7101
1282595
88042497
179436433
92456653
1306462
22999425
168160564
3050447
6153082
2926021
36111495
12861069
2653
2652
2650
24127200
2656
2368945
2654
27309326
175822045
200428
7389
2220
10815069
200422
873671
1585064
2260299
208219
1371702
27224154
13894898
50643306
2019
88042142
60761214
88045267
2014
4860
1028116
6839
2013
72429883
158488883
1528
627431
24123437
12095028
1180980
1035674
2448667
1035676
88037502
145365681
2030
7255
1396486
477007
7250
1965861
10557
83826
44732708
2161510
4879939
10593
10590
169729628
88036290
88043528
3592248
10595
2193015
10598
10599
164528737
10553
2902
2907
88041785
88044352
94490999
207396022
5336
1801
30191591
217900
83791
83792
83793
181759498
75274082
79299200
233074
64722635
88037435
1179608
637569
190684417
31680145
88037349
25016417
10755057
704294
1659
704292
2254544
1397767
2923534
1650
34836375
24643449
1657
67804779
42896067
524813
18511968
1631
37174217
8756
19550292
15969576
719711
126613654
1985
103812439
1281809
35937233
2379901
1516857
1179803
1436
92673220
1434
1435
1432
1433
1430
1431
87907886
192229121
1230547
28400177
8890537
88037726
196502546
47019962
178944426
1730
169092
1443333
7688
88011710
83649
20390532
7209932
11275295
1341
1342
1517495
4859287
2393136
1347
14787466
12892410
1082
9877
207788446
88041966
121271376
7710
19024987
7715
13852888
202587443
15436065
1645
1502
1501
1505
2332383
807589
1724322
127925
145671535
35773332
2115080
1946849
10744054
2570171
5892
5893
5894
615689
83562
1027799
17741689
11077809
27192799
195451572
8445
38486050
1580
9772532
56541
1518675
14003058
60430939
4915
61747011
49151418
593412
2436434
99828699
1197685
35607291
4910
4874311
74641392
2031495
64713110
4008
522417
92452387
36874814
56547
56546
4002
4003
4004
200569
19025996
16511527
92452142
34610956
94490694
128011372
92452145
148170152
1231841
10820190
64914747
94491304
178212300
107153867
48597912
92452360
61360614
202624184
60917830
42736714
29748176
1870
49259713
170055165
2483831
17372583
102546855
1632184
4715
1632186
2333
2334
15098749
41032815
4713
2339
14634454
15091371
55560
55561
55562
55563
55565
2392063
18332109
55568
7647
189908101
95380976
1593
126826180
18824600
87267
97793800
1582670
9141149
37019620
104341586
56816
2599330
2160173
88005
1838054
1838055
1497903
6003
1838050
206238867
4676
4902
1838058
15960347
1443671
1279
140416948
56721
1230642
60431111
1626274
7394
7391
42490240
173208300
1594983
593983
1625833
1674709
202554899
148103613
2655
88037411
34031644
5579315
64743060
16533081
155326429
202430661
15088324
15099768
626734
56923
1471320
223287
1187851
13560950
2069
185311192
16111465
95381090
10617
10616
44892670
2061
284201
2064
159615616
2066
4839242
2220888
5665885
15086017
9904218
211974
172120638
1131173
17600662
2379227
1180975
1180977
1180976
1620203
63654
54092702
7245
84324
7648
158276458
7249
140418086
2666
13661248
2665
14421213
2660
20878039
1838
1442652
170015713
295769
2669
1818986
55631
6822
94490985
37017210
2936
2934
19868942
2932
92452148
1819650
2931
5327
211889
1675130
5323
82431
99586893
1750200
459468
5329
1925
104013341
1646
88036139
2392644
8144671
173117232
200291677
178944189
626391
88036154
88041150
72540543
4852937
1246836
39311303
31436700
178143123
88037395
104341829
7652
18322540
7655
2581722
1524457
1524458
18327063
710759
16595597
24739967
1420
1035117
1898245
1424
1429
1428
10822
1205
8899605
70964784
88036624
88037083
1207
17768532
5669926
1358
67077536
84967
1352
1351
62502006
5576175
18844949
2392850
535571
1471679
28643727
28850595
172264377
241880
14629231
1656083
553286
1674517
10015402
526063
4050
159359351
44608794
2010
24996325
1519
1224206
1890612
67937
15117883
10746063
60867279
56256101
11268655
1122704
1197210
2029
195468537
13561339
2905
238411
203902098
11513
1448493
13022574
5384
18508708
19885750
1295553
87790
73758928
1798
14629120
62767885
16529514
4936072
10643573
1485646
99828918
2020826
183847
2012872
41897977
5871
165556069
822736
17584240
14035441
224273
7477
1303898
166699370
835571
14654462
62939287
5875
20939002
174937
74632817
88034662
177001251
707694
109381252
201026
201064
94490872
4013
201068
4011
26149821
62631398
7504
7505
5672674
3989
13034844
1951
7508
83944
126583297
50775216
2909
183846
195337477
41163553
6146944
92449984
1517784
47431669
15881814
88034710
1946995
15839813
56779
50167854
1590166
2327
389306
88043544
1179676
88571538
1905880
15094218
204784849
88025801
1954078
1518240
13765937
1625463
18929462
56775
1443
1047463
92452770
1975322
1114
3558313
195336329
209081046
7481
7256
1450056
2296
44601531
73758806
209640377
9633259
104013135
7020754
24724874
5891
32862234
66587
92452154
156464188
7253
45674257
15099573
92456897
2259
16766885
2254
78006410
2251
196502653
7656
2578249
1633017
88035832
2864
1048482
67985410
524628
39183177
51082931
158988657
12765578
2392590
67938829
209048
170345867
10600
14035475
42769119
2076958
10605
2072
2070
18414430
17369054
197736444
160711589
1946848
2522
1448446
56659718
85628
40717894
5895
2231790
73806412
19793526
209640205
7013076
60866516
189433941
60609370
62905152
5086
1883108
2671
9792
707956
65494867
707951
2677
2676
1112749
2169446
128011424
105531849
157864577
92452159
1888429
17348198
21275458
44773886
2921
2923
452275
2925
2927
26730064
28872671
10554
5335
5334
9143190
80218833
169729803
1196003
1630
1987
68706
94490629
1982
1983
1981
1443910
1988
1989
1518366
210942
10819970
88036439
4755068
136553667
88036382
84443
131205289
88037381
2369
4754338
1477
15857622
95381012
207788146
17635763
215285
55248047
9011765
92449813
8735941
87768
7080
46012984
4872989
1188
7086
67985188
1953
1183
18837690
2036
1748
1749
1487
1747
1740
1741
1742
1743
1166
1160
1162
1163
43408740
172606506
110479074
2112213
14629202
2290837
72395703
47536989
122482079
209912
208888
83712
157023910
8482
209081021
208887
1298
1299
1292
1561
1291
1564
88037898
1294
1295
65497680
26199380
87959636
1767
347325
1027172
14649883
1584
13044350
67218182
34796482
36842131
1131963
17608849
11190216
2924604
191715273
1306912
11186904
1290402
52134872
42631136
1366
12746740
1364
1362
8485
1360
19033092
7463
19791857
2253597
7460
2443236
1368