92449826
1904024
89392895
1896776
108132197
2151
108133972
89917708
820662
99789837
2004844
92449838
56020
74657684
1937777
1937461
10447
2024658
50455240
1914720
87917578
1938410
10613
89393523
55222
1955796
2791
219454
92449806
1124
868563
87950782
2865
89394000
2172
89393125
235464
1896871
1330
1905671
245088
1896948
1938609
241946
9416
2209
2167
8050
72469349
107153954
401295
7851
2249
10256
90323951
11256927
56680
87974688
51297433
8599
2364
2403
90886069
866225
68689
5024
86616650
2189
1904183
53901
708907
2338
207986
1905204
1161
1965763
88013912
209638398
24154946
1905808
123901804
1618
867305
56278
43408736
1937524
1905878
2134
81959749
89918534
92449999
2015170
2121
2129
58571615
55564
219531