9077
9072
9070
1955156
1949078
56818
87963800
89916985
86899684
51493810
75879514
103284482
89385601
1914580
624551
2156
52978855
2152
1947127
51486604
218969
81965881
92838012
1939860
66464110
92836917
617629
99790629
810731
1899102
42025609
86899063
121364905
1938102
355610
2143
2141
2416
395505
1954468
1955793
2149
86897554
208830482
106353309
209058
195815329
9851
63500
87999836
834082
11368
121370396
11366
121366188
87915703
89919865
2176
2175
58705679
87996384
88014000
209122
55881
93812707
2422350
94605916
209080287
1903963
831285
1905603
1938324
51250705
54350244
11351
12000
54786966
92838343
86899808
8053
1746131
55261
109748155
844855
87967459
88007945
2195
2196
103285533
125815872
2207
85639753
1906248
1313412
1937959
9405
106351950
2114
98514340
2117
86899550
215212
2181
1965615
1906252
844741
15197999
7210
4073
86898140
51297520
99760839
1493041
88002815
36966190
823240
56018
121367399
1905129
86899730
90654830
2130
2131
88001476
51297100
2139
55573
128758866
49685240
104013391
88004459
62625624
99487
89385966
97227190
332073
70827593
88001198
2170
1905749
857142
625779
2122
2124
2127
2109420
224392
51582759
339949
10084
51292808
19178864
51294274
89918935