215601
103283386
93649655
1905367
1954877
5635278
396502
56225
48963
833038
104567479
86897866
2161
88034751
10225
88065835
810235
593784
2414
2309
1906323
2132
92452380
92452044
28868470
2888012
1905446
93812431
1955246
52978913
1905447
1938241
6063
10608
2179
109747621
106349079
99761190
1906981
1938103
2919
20448979
55195
89438
1914642
2301
109741143
1897138
1938323
109746754
2208
94604768
2276
1906324
15438945
99759625
106353918
92452116
52978842
617808
74654641
32843964
74270258
1976503
44628903
1897523
1660