92454171
142165271
87955737
201323382
185831489
183845
8382
87981908
149964335
92455630
205938855
206231787
88032139
90481403
180176655
206280697
87996657
182592476
10584
180176696
149960304
2158
87968689
200176326
87964
13043434
2854
55625
87957217
197863990
180336837
203895621
185732153
88028664
51107142
171226397
86934205
205111771
188858609
10596
88036508
2256
42469359
88002910
179420911
85577581
51099979
1320
102731589
87846786
1120
108182525
17555
1125
180463327
87951557
194508346
180493686
179454053
87970910
9910
170189652
87997015
166835612
94490568
88013061
206241399
92452101
90656638
200508346
76806030
88007116
2178
1407
57613949
254110
92418430
88009871
146863251
185764642
146867860
89722
134849434
87996506
2792
2526
92459191
86936791
202784510
10421
141108567
104013343
1644
1247228
76806607
88042364
626097
10751643
94490706
142362343
185773591
204083070
9557
200187385
179298942
206295942
123753245
88004237
18896087
9537
92454207
88030773
13043076
203395372
85112606
87952980
88031884
88029407
200179317
59583650
2807
88028682
88004731
109314079
87975173
88001514
203416608
85850389
2564
87915035
171227400
174394149
87981747
205126506
2126764
205953246
49520759
188863391
177055463
85093377
8237
149394554
188859836
71284
90481084
88007288
205787438
142144711
88029343
151758322
87968910
163197370
87956868
88000779
87957644
88027758
90656119
88010581
205097908
86937797
146415473
85092142
88011474
180176788
171249692
87963214
904525
203391105
56873
160812804
200015806
10578
88003396
133289529
90656651
87999870
87915745
206075319
88009880
203891428
187787411
100446132
85121515
92455332
204636387
87977483
205129980
96673671
48224452
87963441
174936
85105468
57612692
203567247
88014331
142686393
48226148
88000467
160802707
155884991
88014215
92456559
142159702
53183539
92456154
142674335
88030242
181507234
87980647
87914924
180456029
133053516
201633175