155639439
194518132
207390502
87983326
104013167
2076240
88009196
139320951
1265
87982420
10453
34189842
87951451
202876333
87961487
206486292
102738156
87967655
208354047
26180441
102878022
241754
87980208
2173
134891245
88002394
87974808
2154
182543742
87920677
87982878
159033
88000173
87959764
88001208
92455218
54163806
201582849
8220
2550
158413786
154095693
396791
202912580
201584519
88005591
91840623
208764968
55184
88009288
200156584
87999775
52144708
87958574
27322178
1057561
110450237
55989
4536378
202909864
155653191
87973288
200636168
87962417
87968403
55990
2798
149795074
201325907
164233088
202899536
88003816
138968115
55753
5910
88007665
2168224
169902496
105106168
88004794
87967738
88030749
5637486
87968356
1723775
195468277
201593048
191692932
65268963
143900431
2829
142786657
87952195
165032915
89017
87962230
87988215
65924013
87963498
218297
51495754
87974759
1940231
55137
87958462
87999742
87968556
88009396
87978506
87959864
88000253
96680133
811248
165566535
63220585
87999109
1651
150263915
78110790
142815329
205959723
205123637
148306215
87976001
56822
168826269
104013056
170309808
88043990
87958590
155712629
107892986
173366641
88005091
87915612
150835465
85139924
2076043
200022428
87975931
87963088
181788183
88007699
87996310
201739418
190860376
87981431
9985103
9984893
145390381
87963487
2128
2797
49311676
1247173
87977345
87955001
87998448
699167
44017083
2165
2160
201737570
85090004
201018
87959930
11082986
2091988
241319
87978147
905226
168670882
200512000
206441753
179441714
62067
209643416
88005409
87986175
56914
201616966
70810
1048347
87995328
55742
87980244
87958620
88009090
87952908
87949989
87954929
85090160
2119
99002198
211551
103941806
158386793
142123532
79602081
87982835
60431157
206485965
87914872
88025929
87996818
205901391
87982104
88001128
2115
2116
110675107
87973356
87999302
87962691
30607762
72380325
200652675
1723863
88026490
2123
205938920
200657847
4773
74284144
92453639
44486781
8265
14791073
196856724
87962985
2027158
87994547
251154
206501619
43036682
104013217
203579453
185575166
2796
203762564
60773114
88043908
8665
88012684
24385501
86939502
87968236
200503178
148748184
1491618
207199221
137795394
87997845
86936237
201646348
346780
174230344
18223820
2449289
92456833
854202
1104939
88000643
200663264
358153
85849406
48879
201740981
88011363
87999707
92458313
88000457
201603779
2190
26191012
14790375
201750373
87987119
2138
87967675
156824786
76534035
61885914
87961738
62965150
125604308
87973445
874092
200190273
87851132
204087262
18342140
208165
87999776
121078785
133286420
62120299
87959732
87963682
167532628
155722227
87999908
10237
86935546
808859
8791
103315234
204808396
9985306
104013224
233123
475801
144206927
87999571
87986181
196859147
87999446
189758509
108814949
2077979
10663
169261795
176855
2460321
202901307
48882
87993880
233212
106143770
96681823