149334770
71537717
85092349
10298
201766052
201625516
87967658
203764028
206285440
87920289
2373061
92456018
173509099
157871204
173520897
153684079
87967780
1194532
146287217
146408278
166297691
87976024
87962013
55733937
144197470
150245049
200178139
197843055
85850066
208474
92456065
92456069
161469853
61464886
92455265
92455268
88013346
153078094
206283241
151752640
206497766
52469
121356337
88004082
67570250
187815268
151289004
87956963
204635637
171365869
2164
87915905
207351405
339259
173689547
87975677
188873638
163839942
86932561
182761227
160948555
88005156
87973461
85090405
204081613
92453672
160886047
86941775
90656085
87977353
85850224
206496933
161470981
99809870
87962062
1438
87911418
204656650
88004687
88004684
2343
151278123
201611528
1175
181675379
25005360
88028828
87979957
179179557
85849711
187817689
187817688
174197975
142126853
88001359
208454446
179467632
87975205
204094002
176162395
204958506
88002995
87914080
173087207
205084839
98158238
200151483
157165902
88034305
87967467
87864595
102756
180344129
87954202
204077330
200654312
201607971
87951404
207343516
137635194
92458881
85850177
88002670
205098908
87905622
88044038
153705538
189916332
202908096
181804016
202868280
182585388
213822
147338055
87906228
92454423
85095140
87908816
87914615
88013839
87909708
208351601
205105843
87975926
152711422
88010698
85107860
202312337
88000984
10544183
107428120
181914918
201643504
88028816
87963228
88039904
87915891
87977504
202310746
247398
205938881
160887132
97966840
87851758
88000123
18104396
100446536
87982043
203888421
107153978
203768558
205087524
164383081
161473759
92454860
1492856
94490492
55390877
180500090
173092449
203721063
206484760
6035
87928449
207236398
142454993
171240497
88004777
203766925
87916541
87916817
203421071
86940518
6002
201631258
7617
185615430
87999514
1179868
205791325
104013010
201343336
92454169
1318
157868128
88029300
87865507
1913040
88012229
2142
62649376
179454485
202907527
182887280
62906790
182863867
87974357
95906512
88027458
182542972
201638430
161474728
204662533
187494969
91840616
201282547
201173638
201330538
2565043
87913368
146406934
76806384
88034096
87979503
200651526
86933143
170059471
87982674
87962046
2198
201165243
200181031
87998978
90655957
51104897
202783248
203922847
87914138
87909705
7920
10643
204756106
208294625
87957484
87974915
85094602
150643662
53903
2024699
205085352
205777400
2109
88034211
2106
142379337
93652218
151707167
87914553
87971540
161513921
182859495
87982792
206297843
10484
87973440
152338188
164399225
87909433
129697350
109078544
201623876
103062427
129839898
181915652
88007715
161475849
18089538
170208052
8087
87974790
203913349
33435158
88029040
173128244
88009987
86932123
123692802
150637470
88000377
90655991
143867316
88036663
1674
72370660
187817311
43705349
87909612
208020
88006367
15048432
205961518
182543805
856137
1323
201605786
102539297
203415379
74274943
87909876
201768951
180177058
86939126
201767526
196822971
88034110
92455795
205955670
206276284
92450461
48225472
153060250
171243205
163879557
163839267
87978345
87963938
87909015
166987581
43743592
87904967
147064165
88012777
203774531
5942
170200579
87977360
204096820
88000032
88028077
87913252
87909375
85580540
43693705
185735151
153918616
2185
52978718
163875967
208535763
87963628
443814
56824000
171241597
125612834
1365
161472637
190870097
88034209
87977822
109772908
86933831
200203617
201609808