87958487
87972656
88001953
87913348
88012837
87958139
87990763
87975122
88043095
87997423
87993583
101647
90655752
87964887
87976530
87957168
207350116
88011506
87980495
87940697
158276578
87948715
105531790
92452956
87970131
92454803
87981559
92450389
90729
87909233
87981852
56629
87933933
87938773
88032934
87963154
87997803
209080676
87951431
87949959
87926004
87980065
87947945
88038602
87901411
87941786
92454640
87981310
87913481
31299125
88036694
87970664
135764842
87906035
87975304
88039174
88028490
89373
87972498
87997876
88032538
87961115
88038929
43408849
92452536
43408843
43408841
87998521
87951489
87975834
87951480
90655321
88030087
88026727
87990616
104135
209081102
209043422
87967925
88041000
87990986
209044125
107153849
90656052
90656054
87973879
87974299
87943694
87971262
87998598
88012496
88025907
87901646
87978194
87910107
87955979
87965224
88010072
209043723
91840807
87951544
209043892
87986438
87914449
87974590
87991130
88037838
88012414
87983857
182564535
88029247
7703
100897
88041928
158280112
88032048
88012366
91629
87979172
87915908
87996393
87991871
88042755
87975409
88000409
87969684
88010075
88012511
121271607
87974371
834182
87939722
87992029
87980812
87989283
122482212
87958248
88043210
88039918
87980818
102623
87958377
87971566
87984410
88044665
88044666
87992651
88044588
208555
87996829
87993995
87950331
87969432
92450053
103610
88010033
87997844
92452717
87994977
87997847
87997840
87963587
87936205
87916740
87986287
87997848
92454197
87949917
88035255
87993971
87905956
87982925
87982927
87918729
87960835
87906073
87914255
90656648
87989604
101750
87961552
87954242
88040037
88028042
94482
88036835
87968314
87954248
87902976
88015857
87980667
97423
87975251
87989191
88027957
158276449
87951446
87947134
73238
88027038
79397
209054431
87951512
88035569
87959847
158278266
87985485
101055
88037264
87949967
87975492
92458604
90656011
87981280
87958426
87997837
87951391
92454459
87998715
88029611
87905162
88032268
87961731
87934047
92455352
87968753
90656022
87986461
88032045
87991171
87917442
87997063
88032322
87983815
87963762
87904733
123532298
88012849
87995378
91840820
88034026
88044963
90507
55178654
87978415
87916475
87996216
87995375
87986504
87991836
209043673
209045480
90656062
87976936
96769
87904168
11962758
88041362
88034415
87960949
182539856
87975630
90654791
87914573
87942023
87995413
87951172
209640473
88011345
87995418
90656104
87962567
87993063
87962649
87962647
209044534
88042146
89003
87917102
87918100
87902212
102478
102479
102476
102477
87960305
87902854
88014781
82349493
90656839
87968111
87978029
87982034
87980294
88014042
102299
87982965
87971294
88031183
87901311
87903594
87906132
88005569
87992157
87990778
88034487
88034769
87965735
88042867
90655561
88000638
209640126
87968117
87970106
88035923
158276292
121271642
92454954
88000003
87974837
87933151
87936989
87997819
87998727
87996436
87951407
87923588
87997813
87997812
87997811
87904902
87997817
209054385
87963705
89033
88012943
87974569
87996267
94491308
209054575
188242156
88028234
87949970
88040063
87980265
60430940
87995183
87944081
87902030
92454270
209080359
88028316
87986906
87997883
87997887
87997888
88036906
87967976
87967901
87989910
87906282
88000857
87991634
90656493
88012491
87909674
97496
183052196
87911359
95381231
87997143
87991221
87998714
87916436
88028329
209054375
101437
87969606
2580324
87904202
87901921
87990414
87912979
87997870
87989987
209638342
99156
87914751
87994321
88042040
209638347
87905339
87909683
87916145
88039017
87982985
88001097
87902954
87935132
87965465
204752128
88010066
88010064
88010062
89584
87956418
87995874
209045805
87993027
87974566
87970075
87991129
87905626
88039543
87905623
87985063
87905620
88031803
92454333
90655346
88010669
87974287
90656232
87934087
88010744
87984921
87904058
87953620
209043873
188675206
87979248
87959407
88040993
87914061
87902660
87954259
87974810
209045657
87904509
87958062
99501
87976052
88012538
87996766
88013156
66467626
87949459
91840500
88034459
87915291
87903815
88029809
90655633
87913206
87997856
87997855
90655286
88036599
87997851
158913835
158913834
88040059
87984803
396360
88029595
88010069
88034867
87971987
87901364
209640213
94491235
87998794
87984535
87998658
87972866
87975691
88028358
87986198
87958152
88026279
88045079
92454686
209080299
92457919
87998154
189920600
87936839
209640216
88014291
87992637
87951459
87962775
88029715
98025
90656590
89973
87989794
87944265
88031028
88042794
87981371
92457859
87975732
87909539
88043539
146356886
28738821
88042007
7069
87901963
87951569
87991787
88040691
88040879
88044399
87988803
87957833
88035889
209640161
183051231
209640226
87997709
87964774
92455284
87991166
88000780
87925093
87991769
19110130
87903066
98095
87989176
87968604
109381055
87991760
89671
88001553
88040674
87968762
87909493
87941832
385984
87928004
87957638
96772
87952431
87992945
88011626
87989954
191690861
87908865
94953
87905306
87939319
7395
92452976
185925800
87977154
88034771
88029828
87903610
87987534
87939402
87962559
87987531
88032599
88039471
48825
87998741
87975198
87976705
87904758
87993171
87977541
88031986
88000087
88027966
88044823
88041205
87988725
88012341
87922356
90206
87997854
87965682
87971543
87988047
8901609
209043635
88035043
87901487
87902951
87901896
87958749
88027697
87983430
8515
158277537
88028466
89392
87905990
88030913
89258
87969679
93195
87973178
87937077
88032561
88039342
88013103
87969547
88035032
92630
92633
87912203
92634
87938558
87936998
88032562
87904870
87997828
88012037
87957963
87997827
92453042
87951419
87984481
87975073
87998449
88041555
87981333
87940336
99684
87969128
87997821
88039721
88044193
90656892
88028308
87992139
87903532
87989749
87980270
87992131
209054562
87998707
88043805
87997891
87997890
87967949
92024
87963086
87969358
87967942
88036912
88040010
88033915
43408866
87959280
87961031
88032565
89500
87976854
87930758
88012481
88035465
88004427
87981580
87942610
87951464
91840437
209081088
94490934
209045351
40951350
88010040
88033921
87902256
87910519
209054362
87912609
87915037
88035223
88042458
87988912
140579245
158913868
209080683
87994339
88034460
88010052
88010053
88010051
88010056
88034463
88034360
88002681
87984804
88033999
87903799
87965240
88032441
87997774
87904658
88028487
92682
87914780
88033069
92458560
87954246
209044465
90245
109381143
88032965
256384
88037929
88010618
88012363
182539539
88025999
87904266
121271532
99122
87912643
87959627
87975654
92455504
88039973
88039329
209640383
88011567
209640177
92458927
43408858
87969340
87915343
87951516
31216145
87998016
87959047
92450484
88030211
87904046
88000055
87978371
13788097
87901298
91541
87975258
92458002
87979531
87958112
87902454
88036883
94719
87901373
87982584
87906059
88033923
101679
87968937
88033922
87905673
87974814
15940513
92456553
87977033
87994488
87971330
87997559
87954261
88044496
87994486
87976523
88043308
857022
88036816
88026162
87989540
63258495
87954253
88034187
185616284
88031993
87962942
92454479
92453611
209043860
92452608
87951425
87968757
104013418
87994927
87913780
87969677
88014306
88042466
126351916
88001834
88042462
92458665
98710
94491252
87989327
87989325
88040206
87932609
87961240
92456471
87987283
87996640
87958483
87961969
87924662
87997867
136275410
104013170
87960047
87999189
87991193
190435546
88030213
87990941
43408855
87904695
43408852
89067
92454408
87982126
87972566
87984749
88026429
87997163
88011969
88040640
87969828
87962097
90655652
209044258
90655312
209044395
87984139
87925248
87929469
87968758
87968759
88030450
88036619
87905319
88043356
87977790
87999115
88011731
87950955
101415
87927441
87989169
97906101
88040661
87965782
144882211
87930515
209080281
87965623
87978185
87975949
87908679
87977957
7870
87903605
88029311
87991105
87975109
88039560
87980731
87958526
95962
87977481
87991296
87930294
101306
88032183
7732
87903937
87902832
87959799
87909271
88029482
87956459
88031006
95981
88039844
60435469
87926236
209081065
87970289
88005547
87904527
92345
90656628
88027923
87974360
87996749
88044590
87990889
88036729
87996028
88044614
88044202
87981730
84392
87992660
88034025
87990216
91538
88029823
87990211
103601
87997938
87997830
95381179
87997832
87997835
87982264
87997836
189920597
87965784
87979565
87982749
87902019
90656866
88011781
87993862
87904298
84953
7280
87904593
553065
104258
87998637
87965445
88029172
87942051
88032400
87916486
91840753
88039380
88044501
92453538
87962371
87956498
87923996
87991712
87917869
87991716
88030489
87972525
87951473
87975719
87973690
87997206
87938635
87996330
87975712
87968719
92452793
88043682
87959566
92456639
7084
88037256
101049
92453795
97695
87978966
92454144
87989371
96505
88032271
87979369
88025936
88036151
88043900
87999797
88010044
88010046
88010041
209640148
88032053
87918891
88010049
88010321
209640143
87980078
209640388
69123020
88032862
87948974
88032291
87942930
94491102
88040511
87978469
87916565
87957652
209080261
88034470
188242157
87987109
87951564
87956924
87961535
68046069
87959631
87990716
101860
87977480
87999748
88042800
87977526
87964577
87960380
87977134
982057
88010035
88010036
87989709
88010038
88010039
97906095
87951506
87976335
88011356
87946836
42958627
87981003
87999938
87970004
87963692
87957425
72259997
88012323
88034473
102481
102480
88045371
92455587
88034474
87959031
87953739
87984097
87959740
87959743
87941235