55348
1231467
460260
35239
708933
7845
834309
831414
217478
296366
617142
11384
55297
55294
1239559
10892
273162
296368
214891
7517
239914
7514
213575
7511
717323
953739
245538
7518
92452341
479864
241325
58392
593507
56237
905374
281521
556844
449462
546234
6151
82240
37306718
546232
1248778
37306712
6797
450654
6792
6350
82221
4735
441777
4738
235410
8696
201431
332295
874194
104660
268456
617228
61998
172173
17383
61990
9908729
250602
1365148
90531
627136
627135
11768
458798
389780
7883
11761
458021
673634
253886
11380
61580
274160
808718
10707
1595907
235961
237959
10418
9436
240327
10898
7863
7861
7860
247463
247462
61584
219309
208083
208085
4818
94027
94024
9410
9411
9412
9414
21294
21297
21299
381387
90564
853754
858349
1492969
809094
10142
11948
11949
70716
10148
720281
70712
70713
70710
90003
63112
63115
974820
9320
53357
403879
466454
8943
94155
8945
871906
94150
11087
7261
7260
835956
707753
213573
6200
209143
62865
62864
1280929
62860
71283
708414
809325
708416
6809
6806
6807
6804
380105
48781
49415
9745
2754709
208437
974739
70805
10093
8045
87046055
63209
709090
247319
388817
466015
15478039
240226
10369
211423
410753
58406
381211
673839
49776921
54633323
9227
887282
844288
887284
21315
7677
7674
844287
9597
269924
460166
388252
676004
212030
1223832
7079
7074
7177
7073
269031
269033
269034
241594
626286
268555
8167
8166
461256
56231
461252
461253
403641
1491847
34696439
198999817
89763
1491848
89766
89765
89764
475044
886881
886882
546235
212061
11163
152384904
233355
233600
1584700
234887
7182
7183
7184
7185
7186
546231
91684
1490715
91680
71324
8385
91688
8380
268859
822599
615073
8548
811122
8016
591863
94173
450821
8012
200607
7457
7455
7452
27192740
1240303
291519
88963
213780
7692
219442
1057837
338107
8498
35937
219445
594187
223202
24722207
6794
88916
1448610
460070
10962
224433
177981
224436
10960
532521
91847
87914945
177497
35333
35332
9711
833147
241442
214247
450662
56229
904766
1246471
281821
449393
869230
283597
6147
6146
283596
6148
256711
10972
834796
10975
413668
389673
354648
11289
95380925
93680
594432
389475
11280
396865
253093
61527
952985
215201
215202
91635
821816
91636
378924
55800
235286
218155
25433
94300
25434
94305
401997
253891
245817
12002
594756
11759
603633
903475
253548
1255420
250165
638118
2338709
9539
11159
38333842
219390
9247
11158
7852
249460
7856
7854
17535
7858
887938
17530
17532
1138103
451595
822865
235592
235593
4820
9403
21281
7986
7987
6362
82134
81768
274007
6365
10152
10156
10155
10158
10159
11975
627769
10391
10392
821583
10398
7333
329121
9625
9624
1442992
7219
211548
222773
222770
7212
94168
396862
10715
6386
90675
211362
223799
948475
721258
70833
544174
948472
62658
6810
1225054
948479
1239898
219146
1314296
62890
74249
7324
7325
28957684
81389142
7321
21421
7328
36077
809242
857016
211943
459056
20741515
474949
62866381
8847
413262
18327593
604017
89977
232747
89970
37398360
234964
7664
7667
63306
676034
887129
212029
1225113
7882
401918
401916
1490872
6964
1443390
6969
218063
395829
8627
8620
8150
8623
5629498
707702
833273
331509
331058
381532
7523
240108
8578
97921
479281
11441
1773161
8710
8711
7199
1492907
8718
253927
212157
7190
7196
7195
73668
89802
38426444
811597
88821
11444
283081
88826
88825
8028
457858
395910
7440
7443
7442
823614
11020
7446
7449
7885
545078
11028
176939
7887
213778
7680
219451
219453
1486893
73712
234988
219456
6879
6878
12187486
94330
37409260
89398
873509
89395
414281
627875
89159
94490655
61354
91851
91852
602234
7538
5282197
7537
55744
63185
7532
807832
355307
241699
444107
218097
810114
63183
74586
9158
73044
834438
915489
73048
4758
1486320
10195
7866
245177
48745
7865
27193084
7400
872902
209313
241944
25601
11292
11293
82089
11296
11297
5471349
92452259
94317
9483
449235
74450
873823
704295
2199
74109
11740
675308
269540
12036
54716450
245800
2387380
1255416
1047800
8642
250394
9508
386275
386273
9502
21387
21386
396292
94001
94004
7848
48553124
247405
7840
251177
52464
174820
275898
10283
345554
6351
345558
174822
6358
6359
49147
1973210
209211
250715
9430
9616
9344
200975
9610
707851
10165
10163
1484793
10161
5631771
81977
247247
208573
63465
247249
122173509
10362
346774
89707
274294
7203
7202
94176
94171
7204
386476
7290
29704339
290933
690099
331680
9762
7323
332778
9764
673443
844515
709676
810342
21417
7331
7330
63260
809841
291373
269232
289869
257416
93073
2849
89356
451766
2842
2843
443423
201175
10213
51905944
76772
7059
709454
268509
7051
7057
253890
275522
3972
268296
89700
89705
6999
8639
8636
8632
1188832
822068
31286551
717531
70711
34080
886718
11102
214197
1305158
11104
213974
71776
388619
71772
216463
388613
283418
220067
845202
542499
79519
9900055
49301
394981
251218
443083
886712
983222
8520
386915
982054
10025
103775
982059
10023
89490
356069
35137
35136
402714
614381
886664
61783
397081
61784
886691
858589
283746
871900
283741
282697
289640
232933
7268
356705
16428154
177908
533076
11357
449711
7549
449712
61325
7540
1232059
7546
224122
55262
73298
379223
55793
1365008
55796
532617
94159
476004
4743
10997
10995
450663
721836
10990
73452
397868
9978
635259
874149
253993
92452265
253963
635254
253960
74113
12020
4607
12028
542316
253588
1246472
61605
37306692
172744
270632
215357
93572
215358
177877
246929
443959
1058365
93979
48830
211328
209082
1113727
93971
546015
93974
542009
6341
245907
89401
10948
245908
1254041
61311
235339
93816679
873667
873668
9423
9424
9427
10178
61602
9351
200750
9604
9606
53365
10177
7944
208562
240204
9192
810991
270097
690615
5045
82203
7238
531354
8998
857140
1746474
34109
708646
94100
87984685
94105
21394
21396
37388074
198192
211856
11821
270320
11823
70693
63256
70690
70697
70696
70699
11039
8864
7301
7306
7307
7305
338941
338942
395985
7739
29699949
26147
11910
11917
11919
236043
617143
380554
71163
2851
2853
2852
346239
10206
7044
10204
7046
7040
217850
217855
217854
531584
10194
81922
10193
10190
212003
10198
1305592
198351
704349
252556
1311825
6988
6987
6986
89718
1123
238205
673974
673973
219581
11130
253246
212176
219606
12187531
1304575
88006193
2345583
7939
268402
217982
8733
21316
233360
8517
8513
79500
79501
386835
331143
11008
3954
394972
91982
224209
886671
380951
34696573
172152
2338656
38119759
172153
213752
38148
66552
35279
953661
831526
11345
674757
250339
8469
34079
533068
253171
409820
624615
7559
7558
625581
7552
8357
7557
858979
4533495
866222
282378
276242
276240
81576
73021
81578
73022
73025
174818
250555
73026
624503
381600
6890
92452011
323232
6750
92452014
11701
241960
553567
553564
7176
355522
24624
241785
397677
833729
7170
92452271
94371
635062
686631
686630
17341
23355035
12052
546340
603043
12058
19942418
340091
602228
253594
7392
235031
17480
386078
1594981
10837
10831
58459
1582721
201501
386077
233288
387038
905110
905111
50466860
409688
353955
93969
93963
7827
93967
93964
93965
218057
218054
7543
442619
605334
240221
80155
218059
602139
553838
553839
10546174
240224
61731
833855
2711
2716
905170
9368
478501
9364
2719
7221
21272
410625
7222
21277
411719
7951
8982
9164
10690
12083
10346
531360
74307
1238211
55265
378993
380633
7926
535478
9569
90606
719087
209054
345629
211862
9708
854554
1225750
63246
9700
9702
9705
5467624
63087
8873
63085
7319
7315
7317
7316
7311
7313
70752
70753
387037
11907
254108
70758
71370
809565
9014
9015
9016
638637
16440254
709203
47618
9385
9382
10759
553166
388925
1225556
591419
708453
176881
176882
176883
354236
36608
34762195
275277
89726
289933
604683
89721
675633
72984
72987
82175
7787
7784
819337
544188
7145
72337774
395769
9658
1880564
531681
34993
34047
8503
47670
34040
31980477
6762
1254900
601834
89031
48910
8015
7499
34191
219488
34193
7492
11015
7491
213749
213748
66548
66549
91739
66544
31443519
66547
355984
616709
708985
296442
290635
11334
811253
7566
7567
872733
241800
7562
872734
213524
8184
381763
475906
7764
245070
7767
7760
7762
7763
594654
16513412
7769
594653
9309
74043
74044
219915
35485
1472333
9943
4761
74681
6747
47290762
626098
9752
834440
235747
38108
6749
10433
35139
273264
10120
92452069
27193074
11246
11243
355880
396501
35244
9959
94081
9951
94082
201372
92452204
208166
17379
397336
397331
1057659
94343
38126077
241770
241772
211576
17352
11133680
104589
104585
636675
357793
8768
10825
25764
27215
240170
8886
240173
240354
7814
235794
215152
7811
821436
250796
241550
8422
477739
5658149
7201
209259
81723
235311
345562
820527
236114
11465
603431
270267
9378
9945
9371
33059456
235861
10359
9377
94126
7961
21268
94121
91846
17405
401772
247293
9173
1632666
10685
10035205
90635
90633
846258
236021
457496
675324
2146
2412
13754642
31665221
1449386
11809
16427418
356159
63502
235020
888056
355885
176941
48667
355886
9716
200644
329540
636672
380716
218296
71367
218293
982709
469823
71369
450820
11938
70761
26852
26853
92453235
479176
26854
26855
48876
8779727
708532
200568
7023
7021
7027
70780
531766
48005
70788
531763
9395
82268
9393
9392
459464
9399
9398
269667
708333
704323
704326
704327
89738
7283
707660
459460
93871
887182
290068
7281
808979
104626
557201
557200
858353
858351
412486
7795
34038
7797
402573
402574
9108
7156
234834
7707
7153
234833
7151
7150
459350
62667
543403
1305313
252999
7289
47814
21331
34072
34071
9457
89866
8068
8069
1365289
233435
7484
381118
718452
534180
257628
7838
1130897
245661
7839
721993
219490
273851
1584642
273852
217899
11896
91722
91944
953315
218854
218852
411855
218850
245112
89447
224480
543814
11327
89440
66594
720759
916014
48878
2168882
257130
1240449
402786
27193107
708337
110487839
61318
7776
89072
88869
61310
675863
675865
223349
35494
82281
8316
709906
74679
458606
4796
1248519
602330
172406
475803
220072
220071
220070
1365218
224393
11250
83553
338424
200928
61953
11156
9923
1057919
460170
11457
245843
11785
235013
12079
214147
12077
74413
12074
11788
5467105
235019
11091
11726
201425
1450681
217952
104590
1448378
81664
346855
214544
395706
396639
92010
401290
25775
688036
7800
7803
7804
17565
253809
522688
555095
74255
449305
247759
74523
35336
832433
247751
62929092
94287
459984
856139
52375
37310194
386654
603426
386657
17369
253248
5010
10320
386833
4897
676685
247579
7979
808966
676444
9493
247575
9144
340454
7522
1733376
1733375
73099
222721
858357
441212
208331
232206
250824
9548
9608
9546
7526
11093
9725
213569
475245
9729
172253
10780
10037
10036
240242
9845
7378
1484595
1484596
236096
8895
218288
8893
7375
522691
522936
857262
291090
9195
211391
249964
70775
70776
688582
1239971
8777
601747
88041641
1255263
10259
10258
62771
7016
7014
7012
10257
396786
268255
9211
51578030
339014
690004
531577
332045
689216
868502
11815
11816
295355
984493
380165
822603
211809
11819
34227
71040
59262355
339945
55522
91398
62106
290790
1973859
7169
717722
675496
91407
290556
30539057
7161
212120
7167
7164
7165
355887
8993
170197055
887063
8079
66691
66692
66693
386648
1443266
553374
8279
8276
283165
8273
8271
213893
476696
213897
245615
11072
5495882
10770
8673
476695
62101
8281066
1295813
245128
245343
834797
245127
253100
98480
82163
93719
93718
91850779
8416
66582
11310
858889
91572
1633192
7587
917398
443339
219537
7740
219532
219530
91372
89878
211994
953741
389677
346087
461161
8305
273159
33366014
82299
1238775
33366011
201429
8092
61589
6954
688133
624550
93620
8099
689687
61524
9933
9930
91641
460161
10908
247619
241595
479752
56620
28869583
236039
12068
11281
17427
275640
73306
201531
856031
223283
635458
857881
10804
603637
972807
1111998
9671
215602
380871
833956
836126
81830
677928
81834
6384
223130
6381
47574
397550
10107
235660
809970
1246549
1492906
468357
17315
235468
201228
235466
92452223
468359
235461
247544
10832
10334
9152
5009
247548
200795
675301
17423
52520
17547
249577
17426
249575
1746473
6271
6273
522832
708040
8861
8883
208327
253853
4953
457633
2166
90540
457636
9731
9730
380379
9737
28957660
380377
458968
1595402
459161
534649
223722
223723
17513
63298
357077
223725
218474
10796
357079
10790
10791
218472
211655
247143
809105
209020
62903
689999
256191
532813
1485233
532814
7009
7008
10248
10249
1746477
636037
217797
7005
7004
557895
719474
347473
49869
63163
87006495
223924
808598
88026060
11750
552769
7910599
11869
8939
68695
707641
7174
6893
6892
905806
6894
7173
905805
91382
552848
380550
40951580
49190
217949
233325
1232958
8404
217943
709574
709575
709578
211721
17307
89046
66668
7570
678814
8249
1518926
11041
8240
1491967
833383
235476
290632
339356
953409
73803
7047
295902
256774
268352
591500
233213
8643
8641
8426
16435103
73793
8420
8421
282150
241608
73798
8875
93701
296674
296675
5746
11307
7478
7125
35835
91567
823743
291453
823746
9835
89860
79541
89863
1232557
91360
9129
213663
63192
245045
66844576
3939
92452180
9245
50855796
11275
8330
257032
11270
88866
27193024
213934
843373
93881
200927
450890
354345
9900
241295
624542
82027
356329
177557
449072
396780
634510
396785
396789
832703
832706
532178
458711
16737588
241724
17536
389775
257322
833612
93855
17548
1306185
881293
17540
270683
270684
247778
62663
450425
450424
842353
25674
845439
357452
357455
11698
357457
209232
209234
209236
70999
82245
613746
235478
396147
235475
17308
17309
7659
253924
5038
9128
5037
10657
17438
5031
832567
25225
358478
25223
337184
74676
6288
868151
1733424
1733423
79941
553283
386740
7983
389392
246957
7450
97358
90551
458971
1058466
62807
458978
1058469
478499
905735
557085
9235
62577
386567
200478
1471614
249903
211620
6360
675203
636130
172072
201069
90779
235501
235503
235502
90772
66011327
21373
459570
10273
10278
687840
99001
459593
256329
58611
1449248
275581
469908
14757356
675513
347408
704318
6852
1238024
8923
11877
40468901
37067
11879
626516
346313
47940
704328
63165
62620
7108
7109
6862
76488
810105
47859
402500
94416
322505
269746
71116
636351
401853
17522
984743
62578
8255
64611575
381127
381126
1485287
89075
66672
66850149
66670
11051
403172
9408
11057
11058
8785
91770
62021
219607
7618
87972996
833379
62028
7610
159976129
386083
2366813
289629
8437
211623
331604
6910
6911
9823
331602
1248274
675853
91594
615166
269981
7729
233460
91356
636134
245700
7721
844171
7727
460360
460363
634695
11782
91822
3944
35608
89434
542410
8328
11209
11208
869125
8322
224035
241930
89091
9314
235852
9919
9918
7434
7436
7437
35283
555102
35281
35285
257229
61548
1240660
282454
282452
241734
1248129
241736
14671181
41961287
90771
93044
593599
10868
1450680
214827
9847
10860
10864
5974
41961268
6934
94096
91827
94094
94093
94092
94091
56997
25780
94258
948470
94257
56280
9849
904700
1306534
6939
476087
62656
9178
11174
10811
389583
1486001
386566
397483
397480
24924
720388
1450760
10919
9133
7291
821052
9130
9134
7298
270037
469563
7928
810486
215260
832575
810488
4930
4931
9228
209316
356887
53909
223642
61944
61947
11735
11734
247490
11731
11733
81672
8954
11738
2105
219142
556265
720149
295207
49482
17560
26758
21318
8955
1449320
49245
9225
9590
824334
71328
219354
219352
219350
16441153
401621
605129
246831
874096
4845
874094
4840
708775
1595045
71695
10266
10267
71699
602327
219106
7327
62659019
274682
451596
66846222
9041
11992
89488
11996
916872
28859959
63149
63148
71219
16439588
49097461
74526
8914
719706
211526
387791
71078
380228
1225233
7329
7111
70856
7116
219721
17390
6877
7118
94102
974744
810113
451079
822980
49939
211749
467293
232500
1048318
953568
61982
89068
8223
1304860
90823
7189
675997
443254
717435
237973
237971
90656283
688575
273205
402409
7292
238177
8846
7964
595060
218744
34106
1486837
7293
858888
356702
356701
88932
9850
603529
8686
6902
6901
93720
8688
8137
676339
213602
213603
974596
89799
61607
213605
844168
531854
871910
268199
91617
844162
91612
35035
844166
35611
637894
74635
97797457
214033
241635
460353
11213
389111
201498
330650
386655
8350
8351
673810
8356
13619456
24853
73998
73995
55257
73993
603422
7427
7426
7425
7424
7422
7421
397015
397010
397012
7428
58647
241701
73351
245880
1247979
9174
88756
250463
602249
250461
200876
1240655
616020
1973684
93052
10850
94132000
53721572
10859
594551
247459
201011
214586
88844
94089
386568
94080
396500
386564
94083
396505
94085
94086
94087
9301
94248
709999
74560
73229
74562
858112
440684
1240721
8863
295968
10921
82266
10924
17320
211363
11430
17323
11437
11434
7871
17452
7282
17450
7932
9458
857137
7285
7936
9454
9107
9104
7288
9452
9453
254092
16430245
254096
254095
443812
36087
218103
4924
61952
675193
1733404
675194
36717
831275
11727
11724
11723
11720
11721
11728
1733390
340455
546341
7252
556593
9218
871894
466368
9216
9214
251069
972185
401619
904930
6334
209079
1225751
602739
6338
19123647
274300
346084
62735
177906
58387
9078
9079
10451
886966
10455
89054
478589
886969
10458
36663
208513
63154
1305507
8159
387894
73024
11858
8156
457786
809101
6968
11852
1889577
857139
11180
176805
176806
71001
71003
66673
7129
553760
7124
1486072
7120
7121
637572
211775
79135
208472
70995
9524
1889641
1595164
8231
8235
273939
1223764
394900
1583523
2104
2828
1484975
2824
1485111
2820
917591
2823
47941
55300
47942
233241
91758
7631
233248
833727
62047
336947
709344
89435
346006
62022
10138
811239
1584525
44626114
245363
89439
974343
6936
9846
676344
6935
8694
8697
70702
689797
8690
245763
26752
856465
858479
296595
53721508
707690
1238864
219579
821173
91626
91625
289773
1246760
401294
66725
172451
1583400
66721
1583402
268814
397548
689482
201482
867671
273208
332030
330395
63459
1365217
201314
7413
397009
7411
245165
403732
91939
245216
6745
55371
94144
74190
952014
241719
7270
245219
7193
94146
543687
219222
5467263
1232632
7277
10293
1450361
253676
11196
916089
3966
3964
6985
241620
688680
12187501
1450562
3969
603818
8430
247724
94149
94148
81781
87882659
94272
1058790
73231
241404
688352
834918
250255
544829
249657
250253
16012836
253211
219997
55579
9796
104610
104612
811595
93888
7864
94186
17466
17465
9444
17463
17461
1733417
1733415
249961
249738
401511
1733418
269424
107315842
9824
707959
11713
11712
253851
11717
11716
11714
1306463
253509
81871
9207
92452333
1733389
605098
79951
19126060
888233
81896
81890
81844
7382
7383
249655
81898
21375
94056
94055
38278120
56956
59430602
249934
250746
6324
73098
274823
274827
9061
9062
627432
275793
9069
9068
10285
53493
10280
810735
49357
9663
9662
9661
9660
475344
475347
475346
10110
10443
17485
635461
7251
269605
81704
1305510
7258
7259
8978
535372
274956
809442
1188771
808463
8974
49145
6855
25168510
6857
1485770
275574
275575
6853
247422
1734024
6859
721370
70871
11880
217905
51578420
7134
634947
88843
887018
213929
208440
208441
63239
176921
58397
1239903
1240445
50279393
198305
9445
68720
71707
232705
10036537
6748
824004
222281
452199
2838
637891
38615360
94079
2833
2832
707750
2479033
6874
297329
62058
66079873
238286
238289
238288
62050
91743
355699
690096
873744
690091
213519
1304645
212063
212062
1443110
89424
73753
245377
47771
217756
831646
831640
7822
8112
8113
104447
6926
6921
6920
6923
6922
953570
887346
887347
835383
245932
91638
91639
7868
7825
5629290
8597
25867
8377
10269
8375
2114225
91812
11239
93671
82064
11232
3947
1939719
198225
1254422
1493042
7408
7405
79479
25338998
7401
55415
7403
52342
625873
397617
61577
232722
8779
257368
708918
89358
2168803
389000
708912
717182
809844
3970
555329
1372418
624494
624497
442782
624499
92452364
214278
81794
340304
11411
11413
11414
89093
235436
89092
638011
55566
10941
10943
82202
215479
219225
1047919
90683
61975
215259
450516
61979
24993
17424
215516
55421
250335
4901
4900
208190
251202
55422
11708
11709
24848
11705
11700
270316
11702
11703
710292
21340
9278
10056
10055
7399
48615
717962
21348
477127
531470
49581
808871
441349
235897
53826
218788
410626
626738
6312
63483
209290
246864
7953
874339
274368
556486
615911
556485
14671687
9095
459061
459067
290552
10439
218599
250617
9308
9657
49365
208597
9304
1595856
7509
9300
10434
689904
7246
17492
63132
63133
247205
636777
7248
62841
9782
209124
269165
254034
35985
6823
6824
983139
380479
613992
233390
94119
290069
34396923
70864
70866
70867
70861
70862
62666
63226
553071
219177
9456
236016
2427358
219270
68716
236019
1246837
821673
237941
11097
89982
89980
233622
21289
19898258
8215
232718
1254983
7650
7651
62063
62061
475797
2805
5470769
256108
7090
217806
274074
347775
1232246
252611
91786
238122
8104
8106
91796
394817
394818
1311697
93043
66520
245684
638538
66515
6950
6952
94491175
6955
6956
843375
91640
385976
11140
38247
809562
553288
721006
213635
38086
68957141
403798
38081
38088
91869
8363
8365
601899
1493144
91865
873346
213497
8562
93648
253050
256779
28015647
2203
403797
256777
95928
556013
832825
7479
460529
9967
79489
7470
7472
7473
710576
7476
881299
881291
25671
397606
73410
475894
214460
532721
93694
89365
555444
615583
1248691
831409
11290
89369
17317
89164
11394
451232
593885
213894
677010
677012
213547
213546
27192962
214821
241863
7503
3985
553664
11946
63245
74554
10118
58710625
74557
74559
208051
240115
208054
617449
25772
1247834
209262
209260
1247833
389302
389301
235408
209468
60578839
235407
235400
250505
82218
82219
201119
638008
10111
7254
247050
250296
104673
25297
104674
17399
459814
215196
61985
25104
240020
61986
17397
477001
250340
250341
17483
973736
721495
468345
688248
200883
200884
675526
24850
873205
36859
36858
459259
459258
459255
459257
37059
211366
7877
844730
93930
94254
7879
94039
10592
626727
274954
94035
675092
94037
94250
457787
673535
88848
6300
88001307
403397
10135
11958
58644
604365
1595112
70701
70700
9080
63106
81603
211094
357164
357167
9313
176734
9311
7273
719216
719217
1238278
94140
7275
7279
719218
626096
387440
253551
7029
719589
36037
275519
6836
6834
6838
275517
346168
720764
240499
66585
70812
79108
63212
443730
8417
63218
381840
79106
14329350
275426
275427
2817
232723
2812
8772
10911
8776
2818
8774
70924
66078781
87045400
612903
707779
331417
7081
7030
7087
7089
256113
218785
1223828
709801
1238092
9010
1735063
89199
8173
91789
245680
1232245
91787
9131
542755
1304711
6948
811710
10544369
91651
7743
7297
208884
26761
394622
330470
917784
336863
19528636
9506
281819
8397
8392
283666
218602
8555
8002
811379
8203
61777
291522
556021
9383
389003
222676
8481
7468
953152
7462
7467
7464