378467
35542
35543
4447
89370
89371
217477
217476
223979
834305
296367
253421
55295
1246685
1246686
27192976
213571
245536
66615816
31286717
356880
687180
1248774
82222
834308
283805
56128
836040
283801
55836
55835
245820
245822
12015
12016
12011
627134
289937
52465
52466
10709
9528
824114
10703
709329
235965
235964
9520
235962
10704
296365
972470
208082
690503
708128
208088
208089
219302
250990
809093
345718
72986
809098
403876
810099
403874
200708
200707
200706
200705
200704
810094
810097
94156
94157
249507
211550
208557
94158
14551649
90645
90643
209142
90648
90649
809321
71281
809324
809329
125814652
291022
208439
1131744
21736436
478789
82063
707767
707766
707762
256124
256125
256129
83618
1223542
21312
917461
1223541
709473
952817
87046260
137959
7188
233601
357995
357994
357996
233359
91685
91687
638242
8544
8547
8014
8541
35939
53485734
35936
223201
543816
223203
223205
223206
223208
55337
1444352
1444353
273156
273157
1444356
822461
822462
10883
273158
10889
831422
224437
289786
224438
558918
214242
214246
214244
214248
1595044
1306596
71694
249694
834794
834791
834792
1253966
289794
177934
555553
449805
329909
634584
93688
11284
11286
56823
973719
94307
94304
11757
11756
11755
11754
11753
11751
1304785
1449456
1449455
20773867
1239278
345527
345525
345529
235591
21280
21286
21288
200559
824226
824227
824228
10394
10396
283885
283884
283886
91732
70836
1239892
721257
721256
70839
70838
9755
9759
1233330
269736
269735
49791
708245
211942
5503985
1049223
708248
61585
289875
233290
8918
89455
674119
887126
211059
11337
89452
38250
442158
442159
11111
11113
11114
552771
177832588
282222
232816
232817
811599
811596
73660
73667
823610
823612
823615
823618
974440
88959
88957
88956
88955
88954
88953
88952
94401
357166
1492750
35210
218899
89394
627874
256436
256437
256434
239982
241838
241839
177486
213517
807837
235963
807838
869229
869228
869227
869226
9523
9965
73444
9963
624524
9968
9969
73449
104485
853469
51157700
12039
12038
13662006
12033
215322
9509
467297
9504
247409
219856
219850
219853
219852
719705
208084
219858
411417
81778
219300
821572
81776
250714
707850
707853
208574
329117
605532
281079
232243
94175
222769
281077
281074
10761
478413
200524
90668
10767
10769
290934
386479
90663
720390
948467
948466
948465
948469
948468
1595722
1595720
345531
844516
844511
844512
844513
709672
709671
253766
345537
675762
38191
38193
274439
709453
33966295
709451
709455
709459
917400
595669
1973811
71775
388612
71779
845200
8036
79516
8032
79518
177873
8528
983221
177874
49300
177878
177879
810092
855235
855234
49302
49305
89493
89494
89497
61782
61785
66467639
613871
218199
468628
468627
276078
449713
36041836
448991
241317
211552
4741
35562263
832006
17358
87961386
635256
2187
4608
2188
4600
1246470
240370
1492253
542008
87882496
845442
689348
49150
49151
200570
602142
602413
274608
707681
274605
10682960
707682
9190
7947
7940
9197
7949
1746471
857141
809427
1746478
809429
7817
63257
63255
9779
63252
63250
9774
247349
21408
338940
21406
21401
808594
211691
808597
808592
708263
708262
236047
236046
291180
7818
356328
917341
612898
284363
284362
8739
8735
268404
886677
886674
521394
93617
213750
213751
34187
34185
35278
93588
93589
93582
93584
8195
8198
8199
241818
241819
866224
1240522
1240521
55788
602023
1240524
1240529
253289
676913
676911
73936
953065
73934
73939
12050
12055
546342
12059
56784
245860
468547
66849825
905112
358541
353956
358230
401233
281586
555328
201213
81712
81711
555326
555327
200742
200741
200740
200749
686452
854421
854422
380635
1225627
626621
9560
9563
9564
9565
9568
674323
49193
674326
10742
674324
90605
11838
948486
948481
948483
172232
232595
254109
1048654
1450559
708528
707725
552965
552967
552966
269235
856236
9387
390222
613603
390224
269856
269673
269670
233171
296512
451424
531688
34046
34044
8505
8056
34041
79571
34048
34049
38055391
331151
1441949
7497
66543
708986
708987
708988
708989
811255
811257
811256
811251
867547
624699
872735
201014
11165
208839
1046927
209403
209407
209406
209405
11245
89219
89218
11241
11240
329541
1471747
974257
974256
403555
233353
397333
636673
94347
17372
17371
17370
17377
90857
215480
215486
215484
11799
811380
104584
11792
11797
357792
11795
241484
241483
214282
214280
240356
81819
1583283
821437
270362
904989
557450
820528
345563
345561
345566
345564
873600
10355
10356
10350
10688
10680
10686
676450
676451
627233
831280
708068
708064
53540
53231
9718
845078
845079
820387
820386
845076
9710
9715
810339
810338
235994
10922
37432
823870
823872
823876
26851
718589
718587
718586
718585
531765
719458
17327
719454
1486632
357879
291308
1484852
412485
291305
62109
208622
62107
252995
245321
283420
8496
282779
88965
9451
5655
88968
213886
245660
213889
339379
273850
273854
218856
616710
218853
218851
48874
916015
544500
544501
245590
82177
1240446
638541
35077
1231628
7779
708330
346450
625780
74077
74167
8315
8317
88881
88880
8312
8318
273271
10886
984664
1057914
1057915
1057916
1057917
10880
9922
73487
73485
73484
247620
972633
972632
12078
12076
617044
329285
983718
49010
10888
810870
709318
25777
253801
824107
253808
208021
48715
289542
605648
289540
209216
94280
209215
94286
11470
386650
94130
808965
808964
17418
94139
17414
17410
90625
625345
222720
379444
332213
477650
332211
9549
9540
1973145
835862
218289
235898
820268
708542
708543
708541
1255857
48012
48011
21363
21362
833148
689214
11811
71221
626200
808035
808032
808030
717723
717720
522818
17684677
34069
8071
8070
1584272
8074
8076
811491
811490
822734
822735
381293
356519
47904
47901
245438
819445
819448
903238
381038
79557
79556
59446500
476699
842816
73012
953742
834799
412733
412732
638438
174844
88001761
11261
11267
11266
395637
8263
56624
25348
217601
12015744
253633
809813
253329
873599
873596
873597
215600
449315
74247
10101
17310
17316
17319
17318
328724
9157
10336
557784
10335
9489
868562
93842
9487
9486
9484
18414475
246966
673441
9735
53219
9739
53217
21336
269790
63299
21333
21330
63291
63297
21339
708227
708225
821674
209021
821672
275115
275112
275110
329455
8905
329457
329456
11851
329459
211030
719470
554464
89113
90161
232416
232415
89115
636902
11324
89441
677432
208648
677438
62168
94426
91144
91417
460996
1491742
1491741
89042
834079
811791
238371
238373
66666
834075
290634
290630
355983
213716
7576
594844
1255339
7579
718701
718703
347096
1247604
1247602
85042550
82115
381598
82117
253134
82118
33995518
1047224
835652
835650
873459
8336
8337
8335
835385
1232774
811687
9904
832946
56435
624547
9908
9909
378170
224530
476481
606011
606012
241721
257325
25755
25756
281898
208006
209235
834928
834929
11458
11455
11451
11452
11453
17436
5039
63347980
832569
74677
337185
467742
53912
53911
53910
200556
62804
172279
1449625
458889
626198
11682014
591774
295699
275582
63171
388415
63179
1365507
1365504
1595788
37065
11878
37063
380230
831836
380232
34269
831839
810104
810103
984740
17684614
984744
591195
709214
34008
34009
709210
709213
1584216
1584217
617811
595671
595672
690203
690202
917029
522228
7974
522226
91608
984815
844170
984819
886799
174865
217594
330649
256846
93608
450889
93601
93600
93606
93605
93604
27192854
245146
245411
245413
245148
379969
10711
613009
544717
593598
177980
323353
240463
720387
323132
1238532
559348
559349
10917
10914
10915
832712
832711
17338
17336
17333
10918
93867
7927
9137
9136
10645
386372
93868
721255
810489
61949
356883
356888
61945
223647
283802
824111
81673
824115
80098
49248
49246
21310
21311
49242
21313
94071
677930
4592
4593
4590
4848
4597
4595
4598
4847
4841
4843
1595047
1595046
71693
809221
809220
809223
71698
856900
11998
58609
11991
11993
219030
11994
215384
268200
53587
105531824
36079
176834
11193
291698
395198
11198
291696
208669
38058
378583
5471939
718815
718817
718816
718819
718818
89060
89062
89064
89065
614376
855017
213847
218742
218743
218740
218746
218747
218745
858887
93667
356703
8139
8133
1485768
1485769
531853
35036
593697
91832
91831
3953
389110
831525
1255788
283020
858698
1240340
73992
241704
68624004
214102
214103
594318
38188
250466
250465
250462
250460
79388
856682
856681
856680
856684
854825
854826
854829
201015
201016
73222
451515
250795
73226
250797
73224
209258
94243
201274
201276
13753088
404377
235189
11438
11439
11432
11433
11431
11435
56015
56017
17455
52518
17458
4452
4451
4450
240078
36719
218102
218105
218106
235986
235238
253845
49013
49012
253512
49014
49016
247489
972186
6337
6330
1595544
1595545
719808
9674
9675
1973096
9677
10109
10108
9672
10105
10104
10106
9678
10100
10102
63159
63155
63157
63151
209329
1484407
11850
1484159
11853
11855
8902
820803
717177
553059
273938
273425
273426
273427
273422
1303617
2826
2827
843102
843106
477851
66317658
707695
707693
707691
677549
332538
289772
289774
289777
172450
93661
844971
93664
11229
93666
11116
853564
27192788
1240344
1240343
1240341
858699
858696
858697
858695
1240348
1304709
722346
722347
340025
722343
873008
1450360
253677
409451
853565
93080
853566
354042
354041
354044
354045
1255573
855675
1255575
855678
397752
10939
10935
10936
10931
10932
9111
296748
9113
9112
9115
9114
93883
93882
269423
201267
983920
1444148
240447
1306461
11927
240448
1733384
1733385
1733382
1733380
810608
21378
21379
21372
810603
21371
21376
200427
810607
200425
56958
94059
94058
66467576
211343
274829
10667
10660
10662
4862
4863
4861
4866
10669
4865
60713977
58620
58622
210966
210965
677743
637368
675528
477008
1188772
55578
2366853
1131175
533923
223981
533821
62618
62614
830843
823364
594949
347326
379374
594947
93885
9110
93886
211653
9443
48219427
93880
213823
213820
213821
213777
238117
984659
831645
8119
6925
8111
8117
8114
953571
8374
8370
256098
273212
11125
354547
468892
1281625
354543
1492808
460531
460533
224275
61576
593411
331936
201072
289698
717181
3975
624491
94261
94262
624492
94268
11412
11415
17478
94194
389863
94198
94199
904821
74142
218160
251200
251203
810859
873946
810857
24843
270464
270467
57319169
200429
33966232
99044
9653
10128
9656
10122
689900
10127
21370
10125
10124
49692
49690
247208
200426
56215486
63137
21377
8967
8965
257562
252582
252580
252581
252584
233393
233391
94057
634955
634957
219178
219179
719357
68718
719351
719350
719353
719358
1246838
2809
2803
2800
2801
2806
2804
62265
1423
62266
217802
62269
217807
284020
637131
288464
238252
238251
953496
953497
330068
290857
89745
720505
89746
38246
91649
274825
8588
8581
8580
8583
8586
34600949
8275
627430
614502
31216148
710578
710579
93698
74774
460702
460701
460257
74773
25673
25670
25676
25675
872952
410973
410972
1450838
27298
624521
27291
593881
27296
9886
9885
9883
9880
56675
74558
844853
389303
273004
389300
273003
336522
677742
10954
10955
88004768
905501
905500
104671
241516
61984
250615
250618
821301
21351
21352
200407
21354
21355
21356
21358
214593
200408
200409
844734
844736
338181
844738
844739
626726
94033
94032
289938
856348
9460
9463
9462
856346
856347
58642
8287587
58645
11954
11957
11950
176780
211095
158279927
211097
211096
211098
819890
707954
36038
9795
9794
9799
89476
459471
211890
62670
211892
709088
709089
213940
213942
720761
916925
71656
71657
210941
71658
71659
245339
808133
808131
532895
532894
35395
257129
218786
475143
475142
1238094
71035
71036
8170
8174
8177
394536
91785
1232244
1232243
394821
62616
833257
26760
26763
219784
336866
219781
1233228
1233227
219788
8399
8394
8393
88872
811378
291521
442085
49515310
61517
61515
379373
11381
553657
11385
89170
89179
403479
403476
239918
94203
94204
94205
832329
904593
904591
904590
35434
35433
450656
235412
235411
253089
874193
332296
251157
1306054
56052
240038
240037
253889
873743
253885
458023
459261
274162
93924
7862
218203
218202
218200
1047802
7869
535015
6376
10141
10416
10143
10414
10412
10411
390287
290466
35980
63114
555914
9630
9632
247268
8946
8948
835954
835957
719593
719592
719597
719596
62869
62867
719599
719598
347482
257508
1746391
1746390
615805
211139
211421
211422
211137
381210
381212
58456
887283
269923
58403
677538
677537
626289
380296
626285
395836
395830
11132563
247084
388076
403643
403642
886880
91667
91664
91662
89816
89819
10760
846048
1485469
1485468
25949
819113
819111
25947
25946
10768
402720
402117
214887
214886
35840
449396
329370
241689
534270
389676
55224
215428
215429
215424
224326
224325
224324
215422
617234
617231
241539
241537
232244
26148
868741
240488
240480
11107
249461
94016
677926
94013
94012
94010
17537
17531
94019
332371
846369
1472159
1472158
4824
4823
4821
7980
836124
7988
58668
11978
96949
810341
11973
11977
11976
11974
250944
8591
1048117
62655
295280
295283
213969
7326
10089
10086
10080
10081
809240
673849
71635
857019
347553
699598
63300
107167430
699597
63309
636458
176856
8629
8625
8626
8621
8622
4634972
235662
240534
385987
385981
385980
466189
289860
17684532
17684530
212152
88829
88828
245029
1444296
245797
283084
88820
283080
283083
283082
9989
9986
9987
9984
983043
9982
9981
338488
11024
11027
11023
11022
234986
234985
219452
953827
247545
953829
19178870
533081
89158
11364
11365
11361
239935
239938
55741
625230
10185
709452
94225
235161
674416
674417
61530
61535
61537
253710
253711
253713
213428
240019
449236
74454
542308
74453
74452
25423
807942
357529
25425
413873
1255417
1255419
451075
451076
61829
25168545
532024
9614
10167
9618
10160
810986
810987
810980
717839
247248
63462
905049
708651
708656
708657
708654
346778
14720714
808596
688896
200612
4956
200481
8572
558561
605220
238071
208707
208705
217848
217849
217847
62221
62222
252549
89703
89702
89706
89708
178013
178012
627768
625006
707635
707636
222978
222979
886714
886717
886713
467913
467911
467910
252762
10798
89831
542498
542495
217514
542497
94132245
887400
340388
831745
10797
624493
355047
355048
10020
35138
237982
858586
858587
858585
237980
247142
858588
8457
8456
8454
283742
8452
8450
253383
253382
253380
8458
177909
224125
388615
11084907
55260
55266
55264
55269
6165
10998
62905
10996
10994
219914
219911
358319
241552
241554
358315
289463
626937
270633
93575
93577
93576
93571
93573
93579
93578
177875
556727
17519
17518
209081
17512
17517
17516
709904
709902
709908
855236
9421
9425
56409941
289077
270096
592027
330817
330815
251030
330819
21391
21393
450583
2477911
21399
48443
48110
211855
70694
108128682
63095
63091
63093
63092
9287
9283
916969
11913
11914
722461
722460
685949
347476
10207
10205
10201
388919
531583
388914
63328
90680
709332
709330
709331
283240
709339
917181
17161381
212175
217981
1305377
1305375
217985
217986
339555
11003
11005
11009
38141
38140
38145
38144
208912
858802
38149
208916
9496
858804
819650
819652
819655
819654
11344
232909
11346
11347
834185
11343
232900
834189
238534
1254706
1254707
533067
16546375
594649
858110
858113
858114
282374
1583100
378730
460339
628065
707643
100444469
601820
241961
241962
241963
62694
240561
240560
49742
21343
873705
873704
857550
873258
857552
253595
253591
51581239
56277
9897731
10839
90599
53178
90593
90596
717961
7829
388916
7823
7824
61804
627662
61806
61807
627667
61802
61803
2428065
56097
868924
56093
9369
9366
1255204
873876
873872
219273
73158299
2155
49997284
2159
719086
4874
617227
626730
854555
854557
868270
211461
211463
674030
844403
58490
213450
72982
675632
675630
390137
93029
819334
819335
886841
886843
867210
867211
218601
218600
721837
8290
8293
8292
8295
8298
8794
673363
9975
1304783
953478
388709
8797
953475
833733
79407
207918
207917
91959
62015
552778
8478
8476
8471
721616
8473
1584811
545076
212237
9305
358151
358152
10121
358156
88035772
201375
386063
555208
555207
555206
93559
208293
8427
8424
215392
215391
235312
674205
250909
240220
240223
709829
379291
74313
822346
89469
21008977
347857
355883
71365
71366
636676
982705
982706
982707
982708
11939
11937
11935
11934
11932
11931
9006
10228
10224
10226
10221
10222
48166
62668
687834
708443
708442
62697
346453
708445
708332
708449
984665
708338
1449512
252359
252358
252357
252356
289940
252354
252353
252352
252351
252350
7798
9834
7790
7793
37977735
1233284
291092
291095
47809
291096
1247538
79187
1247530
1247535
1247536
553070
291231
291232
381117
1643
11060
219491
8660
8663
8664
8666
8669
79367
4087
867791
11322
89444
66590
89114
89443
89116
89117
89118
89119
11328
1448550
1448551
239975
677240
677242
24467441
91899
88868
1596024
61314
61315
915446
35491
217707
1575
217705
217703
8084
8086
8082
8083
253756
8088
8089
451941
241902
213391
213393
451948
915624
240501
240500
200834
200836
200831
200833
10812
100675
10817
10815
10814
10819
7802
7805
93945
7807
93948
223127
223128
223129
247753
1582567
81702
818784
818785
818786
602411
26054
810238
810230
247577
247576
208330
2171
677550
62267
37386811
830965
830963
90718
674018
62772
62776
544056
339015
339096
339013
704331
704330
704334
707670
707675
707677
209175
290550
811121
811120
288399
47619
8105
356422
47616
283169
283167
283164
8272
8270
235935
847130
63922035
91972
66464062
235932
79425
55191
822600
822602
8412
177949
1584876
35827
224163
7588
7589
378521
7584
7585
9804
50018
219536
219534
217556
402718
219539
223357
10879
224389
603527
215546
414503
215545
866323
866322
866321
866320
329368
846047
555220
73307
35539
73301
201533
201534
10875
38248
1131829
93028
55223
215548
55228
17556
17552
17551
904270
4556
4557
379722
379723
379721
74082
218061
218060
253251
253926
253252
253259
274080
274085
25230
337333
451157
709800
12084
338943
323028
380375
357073
357076
10799
10029
10026
357078
218477
159088929
10792
10021
236049
905497
809550
809557
809556
809554
982766
905498
346694
346695
62900
62902
1484728
1484727
346698
232528
532811
53459
63362
63360
10243
10240
10241
10247
10244
10245
223929
543554
1311822
1305089
708260
983384
905804
217947
217946
217941
172282
79164
211720
555796
11046
11042
1254481
442002
442005
11048
38107
62017
91706
38104
91700
62013
1372160
91709
38109
8648
8646
268351
238572
238576
289632
224076
11309
5744
5745
11303
11305
89462
823745
449997
213664
245730
245733
66713
74659
722220
217761
241296
241294
253001
214498
214499
82021
241929
82022
396783
441065
215547
10878
833617
833616
833611
833613
10872
833619
215549
10876
982953
982952
214463
872950
872953
214239
356981
245957
240523
468349
2377
81590
247551
1058268
63191
546132
4944
4946
4943
4942
94394
832099
4948
90559
2112
2113
627774
458977
627772
1746312
281165
62579
62570
62572
289393
289392
289390
289397
289396
222675
235857
235500
53865
53864
90777
708763
823241
708761
27297
273107
12266861
627771
1113005
704311
704317
704315
347409
60439094
707658
346311
346310
544385
707653
707656
345933
710004
710005
6864
379148
218648
401852
269740
8254
8257
1240386
8259
9234
8783
8781
8787
338747
338746
833378
7614
7615
7616
7612
7613
212094
212097
60747971
8431
245387
8434
8436
91910
91915
91916
9826
9821
331603
9822
9829
9828
555671
268401
555675
9143
241609
336583
214007
404645
276161
89090
8511
89099
207959
449064
208129
208127
282455
289402
289400
79502
289405
73362
289409
73361
93040
8283806
56778
56777
94090
904705
904702
823242
10270
24923
24927
821051
821054
240261
270038
270039
1449747
74352
553953
10004
404014
404017
10000
10002
10003
295205
404019
10009
396221
9595
9222
9593
219356
219351
269535
71322
401622
708154
708151
708153
708152
10260
10263
10268
401996
9048
401990
63384
9047
63383
868394
868395
868396
634853
634854
690693
223415
211525
719707
719704
211830
211293
211292
211291
211290
219722
974745
974746
974741
843003
88017111
843007
1254978
843004
443252
91764
91765
677341
252317
252316
252315
252319
252318
330231
330230
93728
823762
93722
93725
93726
93727
379886
379885
200523
91588
869021
5652038
91581
867427
867426
867423
357614
357615
616337
616336
616333
857653
857652
857650
857654
869423
869422
452046
82002
65692736
855241
9306
92231
397011
552853
952007
952001
88757
1240659
200879
88758
1255499
1255498
10854
10853
10852
10851
855794
855797
338260
275037
387988
835741
835740
835742
835747
835746
249624
249620
16113117
354147
354146
233563
10352213
396061
281983
443811
973740
2137
8875753
2133
4928
270272
807674
11722
93981
720153
675226
172052
172051
686328
442853
904931
90759
442859
856775
13275026
235529
9699
235527
235526
235524
9692
235522
9690
346085
58389
211992
211993
58385
58384
886965
256300
55786
810605
8250
347938
613466
809104
275639
809100
240203
857138
295565
295564
48748
48747
833037
467995
984567
223884
984568
984569
8233
8234
394903
394907
237968
10137
1491791
689026
237961
1485112
237964
233244
833725
7630
7634
336945
336944
336948
9947
88926
88927
88925
88923
88920
9842
689799
9840
676345
689790
689794
856464
1254562
1254563
844396
844394
844395
844393
208698
212214
974818
637779
282297
9644
338748
10420
268349
201313
634238
634239
720631
403738
240186
79463
79462
9642
12012326
17340
1448658
89922475
625994
93069
93068
26092429
1450560
811688
91919
380480
222982
544825
544828
602658
35733
82279
245796
873310
253210
82272
82273
707952
824006
1057386
1733412
35734
298052
1047921
1582669
330229
10062
9204
10066
10067
10064
9202
475636
9208
235959
247100
1365442
240143
38279431
250747
250745
250748
275795
346314
10282
53490
10281
223472
200737
810736
810730
810733
844624
844621
17489
808468
414692
274951
274953
274952
808460
808461
209118
808466
808467
252346
217902
91592
208443
208444
1239901
704298
71705
238609
856895
11088
707759
280623
89101
62059
68703
62056
91745
1304644
1304646
89421
1248241
214009
245779
290708
25868
25862
25861
241607
356617
31212292
276081
218903
356619
218906
1224925
22843369
8576
8577
82065
8571
82067
82066
82069
253046
1298864
253041
253042
35741
843288
625872
625874
625876
625878
952022
952023
952026
88772
245196
275422
873786
209864
708919
624479
624478
273108
708911
273106
708915
708914
869127
905605
905606
905603
214279
214277
358702
27193201
27193203
846149
915681
915683
915682
200421
56817
90513
856241
222581
973720
973724
16737567
11706
235723
35981
31448379
235896
53822
534367
53828
809695
809696
63486
63487
809692
345517
345514
9169
211976
10343
93877
252878
40951625
888112
888114
9161
10726
269169
380470
53535
53536
993298
613994
70865
53539
53538
70863
35986
63223
63220
63228
8813
8812
8810
395073
395075
395076
395077
237943
8218
237940
237944
8210
8745
8741
8216
289408
90609
88891
37154
37156
31286859
822338
822339
457950
10747
983047
10746
9861
9860
9862
257181
257182
11147
674321
11142
11141
11149
38084
38085
38082
10741
38080
674325
442233
238413
1486443
615693
615694
832824
832821
88901
88902
88909
234710
475896
89360
89368
256972
9709
677014
3569251
253458
245526
91659
215318
240116
215317
215314
240112
340172
9701
1240592
336865
9707
219783
25294
25292
845553
845557
845554
8874
37425
56732
56733
2428160
56735
56736
835861
52472
52471
676563
9267
10738
10739
10736
1048484
9268
10044
1048483
873994
873992
873990
873991
209287
211918
904701
209288
211919
604368
9089
604367
200710
211915
808589
94145
719215
94147
208522
90655
90651
90658
291013
809319
809318
685615
337552
79109
79107
1485836
1485832
89992
89993
62071
62073
612902
707776
332619
332618
256114
256117
709468
709469
709462
347763
709467
89198
89191
89192
89196
66514
296897
296898
290720
591275
591276
819546
917786
1246759
842714
842715
1246756
842713
283665
8551
8008
8557
82048
82043
177828
177827
35941
708930
831415
532719
831417
708934
831418
87986038
532713
273161
10891
218963
717328
218966
218964
218965
354451
717327
354452
241326
241452
241453
4932
905376
241329
257231
257230
289781
289782
289783
4737
4734
289787
4739
74491
74490
854917
74492
854910
449811
201120
854643
172177
90538
90828
7889
7881
11760
7884
874287
874286
235565
1187565
200527
212291
21295
200522
200521
21296
345530
21298
345536
200528
1449991
10006
402870
42958472
820682
871901
871907
871905
871909
871908
7263
1131562
808239
91421
380108
62112
48786
10008
48785
457637
9746
70809
9743
208619
290005
290004
70804
247314
808843
388813
388815
37319
37311
37310
37317
708258
37314
268459
212032
212033
212031
212034
346373
346375
346374
1305235
822864
1491617
273376
89926
273372
1484729
86012826
11160
1232323
1232325
234888
554965
554963
44293435
8501
30538763
71327
339454
245323
8490
88966
88967
8494
1232493
8499
1232497
35209
834310
1448611
678645
612455
612456
177496
82189
214063
214065
214064
904764
823237
413667
448829
624539
952984
322918
459585
12008
12006
12007
12005
903471
274680
332297
9533
887935
708133
708130
708136
708135
274003
81769
274004
677841
707842
707846
707844
94162
222772
94166
94165
211547
281000
10716
10717
99187
90679
10718
948477
720386
948471
948478
62896
8415
61991
1973378
707712
707710
707714
707715
858229
1232867
38189
256134
234965
38185
234967
858226
451517
604230
709440
709441
451518
638660
604126
604124
83603
1305916
1305917
13325984
811258
687942
687944
91692
91693
858487
858486
858485
858484
858483
858481
8539
8531
283317
8533
8534
283313
53479335
983219
873742
8185
8187
88739
460444
214502
214504
214507
214508
545548
545544
354653
4759
354651
354650
4757
11298
11299
625342
842598
93697
11294
11295
844851
56677
844857
844856
208395
208396
397479
2197
90808
11741
11742
11745
11746
11747
11749
253378
253379
250391
250390
250393
246931
904407
289313
1059752
1059753
253291
345550
345551
74217
722093
238007
542012
542013
251153
49149
49144
879031
558335
9186
718310
357352
10365
10366
10363
9189
809434
809435
809436
809431
247083
247082
295507
295506
295504
9766
9767
856350
9769
21412
810343
810345
21415
223798
8858
62798
232750
289862
289866
1254899
1372326
356330
403322
268298
1246901
1633134
717538
291374
291375
291377
717532
717530
717536
887398
11109
11103
688474
8702
8701
8707
283417
8704
8708
87965629
238323
830647
443084
443081
443080
834080
89016
823607
886669
88940
88941
88943
88945
252640
93599
93595
93593
93591
93590
27192920
819001
241825
868926
868925
241826
460637
460638
102571906
55792
55794
55798
721839
1255714
1255715
6767
200973
200974
73450
9976
397867
177619
73902
9972
9970
9979
1775630
34108
79457
12022
12029
211777
457411
215351
215356
215355
63079
1058367
11796
9858
49082
49083
49080
49081
49086
49084
459981
27217
81703
1248263
81705
81707
1595285
2477861
213600
1305024
339946
626615
61604
626617
626616
626618
232239
9515
10773
235937
9511
9513
9512
90611
9519
329369
11826
62308
62309
240422
62305
62302
62300
62301
534647
17294778
346236
100443338
48063
675758
48065
10199
296509
1305974
673972
673971
1725125
1725124
1725126
1973826
1973828
238668
89951
223580
238667
357618
222987
8512
34050
8047
8048
8049
8518
331147
214037
1441950
1450972
833500
833502
89482
89483
89481
89486
89487
89485
66555
466098
697883
811242
811240
24754
24751
843193
843196
443340
208820
625583
448989
89087
856777
174817
4775
174819
89222
89220
553763
201167
58455
55301
55306
624545
17348
17349
17346
56876
281900
686632
4610
340092
235030
235033
721994
721990
721991
807586
807583
51582293
345570
67143441
1255504
635260
1255500
200562
200566
2713
2715
10699
7954
7952
7950
218333
218332
218330
10695
10694
218335
7958
269108
9170
708070
53225
53227
53223
53222
53228
63240
87044639
63242
63243
63244
63248
63249
9704
442931
37429
37428
8876
835860
8878
37427
247354
48214
808587
346008
346005
249499
346007
808588
211913
1491249
257479
331334
291178
291179
219068
38279724
553169
9572
219064
219065
219066
219067
708069
10857
275275
275274
1223899
11120
11122
11123
11124
479560
11129
291311
62113
91420
62110
62117
62115
91428
208617
89769
8728
284426
87982980
1311768
89032
1311766
1311767
34192
245679
332446
1448380
253168
213523
213522
61497
61496
1240451
1240450
594097
61491
1231981
1231980
634410
634411
634412
74045
74048
74049
873462
873463
873460
873464
336781
336780
336782
468795
9954
9956
396138
982852
12042
12040
12045
12048
12049
245858
888296
19942797
6029362
624792
25760
25763
25762
25765
25769
25768
8880
868053
868052
868057
868054
81724
81722
11466
11460
11463
11462
555330
11469
720038
720037
387532
808971
17409
17408
54119840
17403
17402
90637
442935
90632
442933
53769
1048938
9576
10750
10751
10754
1048937
11808
11803
627546
11806
627544
1225497
1225494
1225495
48668
218295
218291
218292
888294
218298
275715
211495
211494
211491
823475
708534
708533
708531
708530
48009
48008
1255862
718454
718457
441913
233168
269668
808029
673951
557202
240275
89936
89937
34077
34076
8064
8062
8063
8061
1491902
833150
353775
819114
245113
224482
2136
4798
4799
4795
172402
387361
11258
11259
11256
11255
11251
103921
808714
56632
1472219
11784
235015
11789
235018
104591
19630996
253339
214543
469568
253337
1449178
240341
215146
240345
215144
81804
240439
74525
74254
74521
449303
74522
330970
74528
809966
476186
809964
809965
809963
17364
52376
17360
17361
52373
17368
290205
9148
9149
676449
676448
9491
9140
7973
853755
61916
441213
269476
246976
708051
250828
9720
89122
21324
21321
21320
823867
87884183
218603
8898
8896
8894
708238
8892
823869
823868
459556
91849
211392
48279
274878
208623
531770
690001
690000
690003
2427284
252996
380164
380163
1131107
403025
62170
91402
238498
89055
66696
89056
89059
238496
280541
339771
403796
213891
245617
245614
721157
867304
47725
1248450
1246617
1246615
1485710
9695
831639
811487
62737
449463
835648
8306
88894
8301
1232709
200934
602322
602320
200930
8309
88899
73490
73491
73492
624555
62730
624552
73940
247618
66464115
12069
12060
12061
241755
12063
215426
12066
214150
250459
807757
807755
603636
603631
887990
219391
873914
215206
253811
457701
457702
11443
810728
201224
235462
200798
5008
200794
17428
675305
17420
249576
9555
53927
9556
214339
677650
332121
332123
332122
857136
8288996
256190
544281
544280
33966245
710104
381912
63167
63160
63168
11861
11863
8938
232636
232635
34278
1584469
1485521
34275
34274
34277
34276
34271
34270
544504
295354
233323
1247393
893600
709207
709204
709205
709202
709201
34011
34013
34012
34015
34014
34017
34016
676265
887234
412353
73794
73792
37390334
73799
556137
556132
79542
7774
1232555
1232554
1232558
211776
11277
11271
282533
834704
282531
834702
11279
834700
834701
337628
38421
17417
93635
450250
677130
94014
17538
25355
25356
25357
379606
832704
222525
915559
25682
236013
601910
1450359
110488552
214831
213287
323360
904467
240418
558682
904468
270686
845436
842352
1224022
88884
10905
56615
88886
10900
295906
4927
295903
9124
10658
10654
10305
10656
10651
10650
10301
10300
93856
93854
868153
25168495
81827
81822
246950
1058465
676795
676796
53593
53590
1058468
49252
21300
1595968
21306
21305
49254
905739
21309
21308
211622
281364
211626
844740
211624
38458
209015
209017
209018
209019
555109
820130
820132
92452074
275108
1491793
10402
854205
854207
58619
58618
854203
58615
219025
58616
58610
58613
253846
719460
235820
719469
10407
73489
626513
395639
9339
62627
234804
8287867
58667
62628
76487
709568
8057432
709565
709564
709563
709562
282857
89079
89078
89076
245631
245632
218738
1255047
48829
253122
331599
3942
33366030
8329
245097
397803
9912
397807
9914
397804
674521
224529
1584526
35288
378169
541617
35282
35280
35287
35286
224527
35284
61547
61543
53640
531153
245360
87045957
831286
241735
34601203
33057155
201021
94259
94255
56287
94251
94253
94252
11427
17443
17445
17447
17448
5023
215262
4445
4446
240061
4449
832573
832571
832570
534919
479862
479863
1058878
1058876
1976107
215141
62811
289160
824335
952815
952814
345785
904991
218251
218252
218254
345789
218257
329616
329613
1595228
219148
821931
329619
459743
274444
698221
719814
10462
10463
1247319
63143
63142
63146
63145
63144
219577
844398
11848
11846
11845
844399
11843
74520
380227
709199
982578
1233154
717437
58426
58427
219611
47937
47939
1410
10887
209214
819438
522216
522217
52374
207890
208847
707684
707686
707687
707689
17366
15493531
394465
394466
844164
844167
35610
35613
378593
378590
17363
11212
330656
93612
93613
201496
201497
93618
379972
379975
245408
1492133
1492132
235053
235051
450749
82319
214589
624696
214582
214587
240479
240472
468255
240474
857406
857405
74564
1298468
10923
52339
853759
10927
10929
17324
295964
52336
52337
93870
7933
808967
7937
9109
10673
10670
104628
810479
810476
810477
810472
9492
61957
81665
81663
240381
81849
477225
21369
466366
810612
810610
810611
21364
21367
37977369
89163
4588
4859
4857
4851
4850
809216
71660
11988
11989
11981
11984
10373
674120
11183
11186
11187
9832
71004
677331
213932
213935
213936
213937
9541
718822
6154519
212180
47898
213851
819226
9721
819222
8699
6937
283236
296600
26754
1450561
1238865
338651
401293
1444220
273209
2561788
403398
61563
61562
61561
245215
241714
1450491
1450492
1450493
13274672
212155
4079
856676
1254776
1254775
717178
3960
3961
15437650
688681
688685
844972
624485
844974
686225
686228
269857
81782
35400
73234
73235
73230
94276
337017
11405
688350
688351
201264
834917
834916
201268
688358
688359
88823
55575
55574
88822
104430
459557
281751
94182
87964667
281754
17460
810860
810862
810865
810866
253508
396219
888234
888237
888238
9985
358393
457859
323665
6325
380799
380792
601393
10117
10115
10112
10113
9669
71273
71270
71271
71276
71277
63121
71279
62838
1485568
232674
232675
219183
219182
887016
887017
634949
68722
68723
68721
37397674
273920
35988
269977
2839
2837
2836
2835
2834
35984
269978
2831
35987
212372
58404
58400
58402
810111
34230
34233
34237
34236
9896490
1223620
73754
280930
354945
38252
612677
284636
8596
222904
8594
222906
8592
222902
282061
808701
93678
89511
11236
8446
467563
904644
357708
217651
217653
217652
217655
357707
635152
635150
635154
809840
809843
809842
809846
9896
93095
386095
687320
687631
82095
215476
100763
215473
10942
10944
10947
215478
9205
47304690
93897
9474
214305
593327
593329
24994
1306382
1306383
10065
81648
81649
81644
874240
81640
21347
49743
21344
49745
49744
707964
707966
35328
208220
239939
200431
200430
4875
209055
4877
4876
94048
209052
4878
2793
2795
627427
627426
1471864
268762
411175
868560
9781
9783
9785
9787
9788
830876
62669
48167
211888
48165
1449513
48163
34913
62660
55259
235824
62664
459469
18472609
604579
296440
158718910
1255344
1255343
357883
357881
390042
390040
390046
357888
91793
847131
8102
394819
8075
43838136
8108
673257
87883843
402715
638537
241884
385978
385979
219791
330469
8362
22843170
822200
822204
822206
201385
381454
381452
212301
212304
449999
881298
355224
1247904
1247906
214467
214466
214465
881294
881295
881296
881297
331673
555440
11397
200736
11392
2168837
89162
1486205
4016
11399
11398
553669
3986
3987
553665
403401
3983
94213
94217
94216
208052
208050
209269
209268
289537
209261
904589
235402
235403
93539176
56022
240021
25101
1058389
16429007
721497
1450618
24851
24854
24855
821161
821162
821164
274158
821167
459256
7874
396067
396063
7872
59241608
7878
602741
6304
602743
337103
6301
10134
10136
33966226
10130
10131
295628
10133
274370
10139
290472
1552083
63105
9648
63100
9645
10423
9315
9646
9641
357163
219226
8957
8950
1238275
1238276
269370
719588
6854
81299696
223529
1632
68702
553068
1443911
68708
211142
211140
275425
2811
2810
79076
79072
79073
58462
58463
58461
58467
58464
637129
282935
282930
1584405
238246
846942
89752
91773
208882
208883
208886
338028
338029
1239695
329200
93656
27192772
721706
27192774
48966
48962
48961
953156
328886
328883
380869
634775
218695
1450840
17527
214896
214890
842914
842915
842912
449388
972726
556842
972899
58393
556845
241690
8284027
10964
10961
10969
215412
215414
215417
90329596
25668
25669
253955
88890
677842
8300
358613
241522
1232707
61996
61993
31291366
624481
26151
26150
25592
404449
404447
404444
200413
200411
200410
200414
200418
211317
235614
844729
94029
1472160
4819
94021
9419
1130835
11947
720280
720287
11940
720284
974823
974824
709894
2477942
213971
213972
10092
10096
10094
290397
450001
717838
76396
810981
213818
213813
213815
218790
218792
6970
476813
1491846
66610
543679
245780
394748
245783
273326
543923
543927
8381
615072
160392589
822596
212369
88912
219443
219444
213368
87972644
238504
953830
1231780
18116176
89149
442545
55751
55750
94239
94237
94236
94235
56223
281823
56593
1492699
915490
35440
59432212
593423
61521
593424
253095
253092
61529
240005
240006
218152
218150
218156
218154
25430
467739
25432
253892
1450678
1450679
1255421
253545
7853
7850
380801
7855
7859
1130772
61830
70729
70728
9333
235821
70727
247253
9623
253384
476578
984403
716796
62871
62872
718968
26965
83594
219145
1746389
1746386
200609
211437
211434
211433
1612
1305647
70730
604016
8574
637453
52146821
268510
637454
521750
62256
1224927
269233
1225299
178008
178009
1490873
8573
1486073
253047
886727
8579
467906
89803
1448912
2841
61758
355050
831750
831751
61750
61752
61755
61757
35141
73864
73713
208702
8444
873503
873506
235682
8449
1255639
91920
91921
557785
7535
35329
1047040
676800
676803
676802
200793
55258
952405
844034
10985
10986
25602
872903
25600
201381
207987
247069
268508
466610
28957816
247062
905223
983991
214346
214344
2202
21388
556730
21385
21384
281672
249458
94009
17520
17521
4839
4838
404646
90246
7993
104645
9439
9437
7998
9432
9433
235341
677738
677739
677736
1484792
593783
250951
36552
8638
251028
1595658
1595659
823997
823996
823995
1734871
1734872
34952
34953
218408
218405
9298
218403
857020
857021
11967
857024
857025
11962
11963
916971
11969
269230
273103
10215
10214
10217
10216
10210
10219
10218
241652
63314
63311
7056
1443569
1443567
1485046
252360
252361
8635
8634
8146
822069
822065
886719
269791
356249
17684522
223724
457861
238694
238695
457866
9991
9992
9995
9994
9996
11031
42476325
79350
268980
356792
200469
79358
397082
819648
397087
397084
397089
177581
282696
603168
89129
89128
11359
89120
89123
11350
89125
89127
89126
88830
88831
88832
239927
1232058
215594
73299
73296
73295
616439
601833
253709
213431
214425
214424
559076
559077
82097
542496
874148
821298
240575
240576
240577
240578
904328
821297
821295
357531
542313
74448
9998
559212
559213
559211
90585
7831
7833
7835
7837
6340
831178
831177
9607
10170
10171
9359
10176
810996
810998
219268
708645
831743
708647
219265
209377
209378
1104482
808352
808353
211101
211100
808356
211459
234990
1223469
2850
217852
208778
208779
217856
886917
284562
704344
704345
704346
704347
252551
1490814
479371
87764488
280998
233562
238204
238206
207936
974517
290566
886709
1304577
1304574
290568
218610
385746
718057
718056
1973559
811118
718058
89828
89827
89822
8286
8287
8284
8282
8283
8280
8281
8289
245486
245485
283743
866318
345541
96508648
866317
8463
8460
8466
8464
8465
1584808
8468
1485520
1584468
177910
624614
338577
35691
35693
982133
35695
35697
842483
842484
673742
381601
257074
257070
201368
533074
553569
241565
241567
92302145
873386
88862
11354
555218
555216
555212
555213
270625
270624
93567
33058151
386071
386073
386076
61324
17506
17507
17500
17502
17503
854731
686525
832101
218056
218055
905174
886684
1058953
833858
1058954
833853
833852
94424
833854
1471805
339178
240219
240218
592030
709570
409571
254031
542105
28957496
48109
211864
451233
451230
70689
295275
63082
210991
7314
1047667
210999
11902
11900
11901
11906
11908
11909
809567
34018
10238
223977
71080
223974
63334
63337
63331
388926
708324
708450
176884
34043899
709321
63484
709323
252347
252348
252349
289935
283504
541901
541900
7786
7782
7780
7781
291088
1443726
257069
211716
211714
211715
211710
47813
47812
47811
211718
355791
856553
1254902
1254903
1484914
1484915
1484916
219487
11012
11013
8619
8618
38153
232911
11331
89106
11333
89456
89103
89102
1448549
89100
11338
834191
245607
245072
88856
88859
239947
91884
904528
722218
253765
718704
708910
819666
819667
451950
214192
214191
214190
819668
241970
1492479
55225
240514
240515
211577
200829
602231
253583
10824
10823
100829
7816
404238
93954
235795
93951
93950
93959
7819
247749
236118
61875
61877
554854
1058542
63436
63434
63432
235860
9372
9375
9376
49196
49197
247294
401774
79977
79971
79972
708661
281288
2411
2413
2144
209357
1449387
219107
219105
219104
380715
674023
58484
58487
62740
208755
208756
211832
87994207
704329
704320
704321
707662
707666
887181
89734
887184
72992
72991
48712
858352
858356
858355
402575
1255266
290549
867209
1295870
345788
1246844
47668
47669
89840
237936
237934
8269
710581
8264
8266
8260
8262
237939
1130896
1130898
845321
233541
845323
845324
16099499
388712
35106
401171
66464090
177936
552768
855575
8405
177938
811790
257131
7575
7577
31284939
9814
7578
89923379
50022
50020
50021
22844027
389394
717050
283007
224391
241588
241586
19942431
214382
172714
172715
12244196
172712
172713
843372
1239765
11083214
11278
834703
396632
93015
8213
17563
233621
17566
17567
9907
17568
11099
396938
215386
8217
675006
235650
235655
253247
1450759
10546407
1239355
1733379
1733378
9609
1595610
10172
270205
2605
10782
10039
53362
10785
10034
10789
10033
347863
845668
198524
638651
94117
11920
283949
11923
11924
11926
270095
295433
295431
295434
62866316
10253
10252
10255
49871
63352
63356
63357
63354
63355
546735
546737
347248
252320
346700
2950
2951
708644
887662
217950
79176
9151
553372
222836
208922
11079
1372158
11076
11077
11075
8672
8670
8674
91713
91711
91717
232975
89471
66589
11319
11316
11315
66580
66581
11311
66583
457951
625773
625772
625771
625776
88878
88879
245727
245724
88873
88874
88875
88876
88877
613110
467468
45171223
74662
8096
61583
8093
8090
61588
8098
241916
212235
634509
11145
458708
223288
635459
223285
223284
458706
92006
1231546
10809
1231543
10805
10807
10800
92009
396573
396578
833957
855898
95527
6385
881305
6380
881300
6382
213634
249619
558783
468356
240531
240532
240533
868268
558681
63189
63186
63184
810229
94381
79955
4952
558563
4957
2163
558560
627767
458967
1595403
1595401
1131042
289384
289386
289382
289389
689998
442861
90766
347477
1138802
347479
380044
707648
707645
707646
707642
346309
886839
1240046
1255202
689339
10907
213499
37394038
8799
8248
1485416
8242
8792
8246
8244
8245
833382
833381
953402
867085
953404
867087
867086
66079541
233211
238794
34124
55188
10881
177950
177953
177952
177954
822343
822342
35831
35833
7597
9830
7594
9836
7592
7591
7590
378523
832820
245554
832823
214010
9909649
257031
100783
257033
1633302
603531
232898
674646
1486147
603536
232896
449074
449070
56185
56184
208138
56181
208136
208133
856025
856024
289410
73374
856029
93033
872696
686331
55233
55986
354542
55988
17543
1492029
235679
467741
82241
24935
24932
88769
246828
25227
809701
809708
250666
553947
553941
553942
9582
9583
218468
9587
9584
9585
10013
10017
9231
636133
636132
476479
708149
476471
476476
627323
10277
10275
10274
10272
53460
10279
9050
820914
820910
329199
1443504
1973475
1491378
63289
275035
1239154
21302
685332
329287
1225423
107154052
381120
905736
295904
11053
11059
1305376
38111
38112
38113
256141
87881703
707782
858700
858701
8659
268348
8650
8655
8654
8657
8656
282149
35738
289623
35732
35737
289624
89418
89410
89412
89414
61616
61619
239984
823756
634696
217755
217758
2375465
1450906
869126
256538
241931
241282
7433
807939
807935
807934
1295734
1295735
835287
835289
10139571
605440
10867
10865
394978
93995
241422
617325
617327
6383
1306536
475806
404581
404580
240080
240081
215283
1058270
717840
249755
617147
209312
209311
209315
4938
4939
209318
11737
11732
90561
49488
49486
685832
686330
102570029
686332
281170
62569
219027
379806
708770
823238
176904
48283
48281
1449251
332071
1449928
1594623
256330
232182
79349
719926
719925
295571
11872
822983
822982
822986
401847
238008
49276753
401848
76452
8222
8224
8225
8226
11085112
237979
557332
7609
90528
7603
1254708
7601
7600
288109
973733
88938
34105
91901
88931
88930
91904
91905
9854
9856
9857
177973
177972
177975
235718
555667
18495177
11349
47620
89888
212268
212267
92830839
214038
48554182
241633
214034
245572
214036
241637
223641
89083
11775
603047
201307
62626
235716
93051
9269
253460
253461
10735
10732
379718
1048213
709998
82267
82269
7554
721840
821049
254093
36082
36083
602022
1238453
458519
52426
476183
831279
10071
10070
90359
10076
10078
709567
871893
871895
871896
871898
9210
176755
337940
337942
10299
10297
810727
465918
63392
63393
63390
322698
208515
208512
208511
274236
808983
719710
808980
1304580
79133
79132
211773
211778
1223768
346004
1223767
7789
273054
479473
234914
234913
709343
709342
709341
709340
709346
709345
1239558
974345
830731
830730
6032695
296598
245765
61637
1240235
152370768
466828
460344
268816
401058
858982
177500
177501
451930
402644
402645
282615
35979
35978
282619
55370
55373
871915
10676
952012
88740
88741
1232630
10840
708908
10843
10844
10845
10846
10847
10849
215519
66512
247722
1444038
61896
61895
554180
554183
554182
249733
1472282
2126
4916
4914
4912
11711
807667
807669
11718
857553
809317
81894
48826
386079
9689
9688
9681
9685
9684
9687
9686
211986
62726
708756
708754
708753
290297
232499
603312
451332
616952
809444
809446
809440
809443
636565
808240
808241
31216261
290070
389955
290076
459650
233076
63238
176920
58391
2168782
58398
8809
237956
55178640
237950
17508
72964
8202
233013
7624
7627
7626
1130837
7623
233015
689017
7628
238280
238285
93968
212067
1223957
886698
273322
88913
886690
88911
88910
88917
222834
88915
88914
275204
275201
275208
11151
11150
11153
554958
554959
355127
354836
354835
354833
381688
232855
720629
720627
831530
55418
1238340
79472
79473
91927
55413
55416
55417
1448316
1448315
93074
241876
241650
213552
217599
87987540
332836
256844
52071936
397806
253996
253997
253994
9916
873309
833856
402075
638012
402076
402071
82205
82206
887280
297095
297094
459461
223055
223057
707774
624700
295837
9272
10729
10059
9279
10054
10721
10052
10723
247444
49585
49582
247443
49580
219362
457791
9098
9094
9096
9097
9090
1595855
1595857
17494
17493
295767
295766
295765
295763
295762
380300
31471910
11899
11895
51578431
1449684
104013346
79117
252474
11094
11095
11096
395705
1254981
1254982
234937
62064
208985
707744
707747
707746
62068
719089
719088
222337
222335
718171
53462
1248239
10842
123532805
290717
721007
25859
25858
843374
217796
8567
8566
8560
974595
8569
213498
92207
1485645
975142
35779
35777
224274
541899
403094
625868
687533
11170
88768
974597
708922
555678
831408
397931
177787
872822
595568
593241
356979
532092
532090
477545
477546
250501
250504
952030
201116
2214526
52381
52380
94327
17392
558099
63080
721710
90525
90836
90830
973737
11779
7896
7892
235715
11777
235717
1484345
1484347
592111
63088
269218
90788
809683
820012
809689
48571
48572
70754
842710
62293
7272
33058965
871916
871911
871912
871913
871918
871919
218366
218367
8556
8009
380465
380463
88016606
63213
63211
63210
63217
63215
87987369
636898
388530
832714
1131685
10913
10910
13325297
8773
284490
331418
17237008
615271
720279
17331
331675
93866
720762
811712
11871
11173
403095
11171
70971
11176
553278
11179
818898
223976
52428
819765
10315
522327
238409
238406
10641
834562
834561
625676
280866
952731
8484
8486
8488