378466
35540
35234
35235
35544
35233
1231466
66079129
13753680
63333
628150
628151
834304
628153
36606
55299
1246684
213570
241851
241853
213574
55345
82190
241671
5632195
1248772
1248773
74019
74018
235383
18472550
74017
74016
6796
606275
82223
356886
82220
61943
97154
25288
386187
386189
24719976
247685
678627
245821
12018
627132
12017
12010
12013
12012
389208
628152
10708
235966
10701
10700
9521
10705
346621
346620
346623
690504
708129
219303
466524
821558
541902
345719
810098
403875
403873
458808
458806
720046
49304
458801
241850
94154
94153
94151
249504
295701
295700
209149
90641
245537
209147
209145
71280
291025
208438
974738
62888
256299
268636
250621
1695563
49249
707761
241455
256126
256127
256121
612914
612911
824337
1223543
218558
5468536
345784
475045
233354
1248776
357997
357993
7187
91682
91689
268858
1171939
97906087
8546
8013
8540
8011
8010
10548273
35938
338108
66509
55339
55338
55629
55628
223204
55623
55336
10884
10885
213290
10882
1444355
468457
289785
1974014
224434
378789
378788
1451038
241441
214240
249699
459747
1306599
1306598
555558
834793
289797
555556
289793
354649
289791
11288
449807
449806
396867
396864
11282
11285
634583
396860
396861
281227
807328
844848
844849
709457
973717
94301
698222
5467159
397400
11752
10467
475711
404296
11758
544176
92449747
250387
250384
250383
289309
345526
345528
21282
21287
200555
200558
396217
178035
10390
10393
10397
10399
709456
1524010
7211
268759
7214
7216
7217
269480
70837
1239896
70835
1239893
410488
1225053
9757
17382
30465396
201263
9750
122176820
49794
21422
49793
49790
17386
269739
269738
37309
8848
708244
708247
211941
211940
94331
1049224
236020
289871
289877
12019
11844
11330
212028
674118
89104
12014
87887342
146356641
7049
88985
381530
381531
381533
11194
11119
10869
11110
11115
11117
268460
268461
8712
8713
8714
91478
1225237
8472
811598
218519
73663
11763
395911
823617
625121
594759
245338
688256
594754
594755
35211
478025
627876
627873
222488
606655
10702
241834
201269
807833
807830
807835
218098
218099
9522
239943
717719
448831
7256980
413670
873345
239944
397875
73443
9961
594652
240323
88898
92452254
274293
35488
678644
12032
12031
12030
245801
12034
215324
215323
215321
1492657
466528
235900
396297
9501
396291
9507
396293
9505
219854
219857
247407
690505
89988
72378310
81774
250713
81772
81773
5631993
707852
219304
329118
345538
605531
274296
274295
94174
281073
274298
274299
200525
386475
10763
386477
10765
10764
90667
386478
290930
948463
387701
387700
948464
1595721
690197
62310
709677
477346
709678
347551
1490649
707700
707706
1232870
38190
38192
459739
10184
10187
10186
10181
83632
10183
10182
10189
10188
2561967
103564269
93672
1247458
1247457
94138
71777
388618
71774
71771
71770
288517
982580
388611
71778
8035
8034
8037
79517
8030
8039
8038
983220
355612
8523
208163
8527
8526
281168
810093
458802
89491
89492
89496
88721
61781
61780
546809
546808
697748
475453
475458
128011380
468626
276079
218959
449714
276074
7267
448993
448994
241318
73050
404503
4742
4740
7580
404505
404504
295702
832005
94362
17359
94364
94367
94366
17355
17354
17357
17356
635255
52340
17353
2183
222579
172188
90877
2184
4604
4601
1248631
1248630
71210
8681
291242
675295
1306316
855335
386069
1113728
240371
345543
602144
602143
90295
270564
270566
270568
270569
208846
48783
9191
7945
9193
218329
718307
9196
718309
718308
10374
10375
7948
10371
531355
1746472
1746476
531358
73453
678902
1484658
628343
41602312
404239
235791
63254
9778
63251
9775
7812
9777
63259
8866
8867
8865
835859
110488284
8860
62889
21407
21402
211692
211690
99881373
21008828
808593
236041
236040
236042
236045
236044
1491250
7737
10034779
212004
5630384
1233329
7602
91834
11137
11136
11135
11134
11132
11131
219580
522050
11138
158280208
8738
268403
268400
637012
8732
637017
8731
1240519
1448444
1448445
238445
238444
91365
288728
37430
886672
886670
521395
37316
245645
245646
34186
245642
11214
35276
35277
9338
93580
8352
8192
8193
241816
8353
8196
8197
8194
8354
1047801
354239
74050
866221
276241
1240523
55789
55785
55787
624501
624500
624509
9942
73932
73931
73930
73937
73935
1059229
9948
73938
916185
397672
63437
1582617
92452276
92452278
15856807
247649
12051
12053
12054
12057
12056
11134029
241768
241769
256128
245862
240141
1492089
240144
468543
215349
905113
247429
247428
63067
281588
605332
605335
26062
605337
605338
887116
201216
201215
90467
555325
200747
200748
5631714
249543
411718
846492
854420
401771
339950
675332
380636
1225626
94116
675337
94115
1973160
9561
90608
9566
9567
674322
90603
10745
10743
53770
11839
11836
11835
11832
11830
948482
28957653
172233
172231
62332
637246
250664
534653
534652
534651
534650
1310413
710213
42958526
710211
275891
275895
275894
1048652
275899
87925165
10795
707729
708527
707723
707722
34602026
707724
552963
380099
552969
552968
9384
9386
218517
9381
390223
390220
218518
9388
9389
613600
269674
269672
93716
269855
36787864
698014
698013
5634494
673963
273373
7148
7146
7140
7142
7143
89921
89925
531683
1233102
8052
8051
1224993
8057
8504
8055
8054
5466398
8058
331150
177850
854824
378218
219646
219647
219649
66542
66545
606756
336655
591958
867545
811259
401431
381762
241771
56630
1046926
440610
4762
10544487
201178
89216
1188070
11244
201170
201176
92452063
220069
403557
397335
397330
94349
94348
94346
79995
94344
94342
94341
94340
240477
215487
215485
10146
11798
410241
410243
410242
11793
11791
11794
241485
214281
357992
240426
240427
240424
215157
215150
240421
250830
270367
270364
270365
270363
270361
94247
12320934
557452
12320931
820529
73228
80141
345560
345565
458431
10357
10351
10352
10353
4880
4881
10358
7962
7963
7960
7966
7965
10682
9176
9175
10681
676452
10687
10684
627232
246907
6221765
6257
6256
246909
246908
53230
127576734
127576737
395908
9719
820389
820388
9713
9712
845077
9717
5631810
8888
8889
8884
8885
8887
810337
823878
823879
823871
823875
823877
26856
26858
9007
1247229
403318
403316
403314
51578028
403312
7020
719453
808710
719456
808717
808715
104625
7930
811000
7024
10679
7287
291304
291306
88962
7028
62108
93876
62104
62100
88960
62103
9106
252997
252991
252990
93879
283421
9008
232783
43043101
282778
89025
89027
89020
542661
89023
233437
233436
233433
9100
9101
130902260
213887
213888
531938
273853
88867
389675
543817
887528
218857
218855
2372888
48873
50564413
544503
61489
402785
402789
35074
7775
35070
7772
35072
1231627
708331
7778
2572455
459265
74079
625781
346451
82280
88887
82282
8310
8311
8313
17294458
88889
602331
602332
822464
241943
273270
20949387
9928
73488
338422
338351
9924
9925
9926
9927
92452213
92452210
214146
245844
214148
214149
532158
12073
12072
12071
617047
346853
545676
354744
25770
250868
354743
354742
215360
253802
253510
253511
636897
93054
37306556
289543
5467582
72993
605646
209213
289548
289549
856138
11474
11475
11472
11473
11471
603425
603423
856136
387529
72994
808961
808963
94133
17419
17416
17415
17412
17411
232209
232208
218970
232207
101304
677645
213568
28957674
172252
17164897
17164899
270199
820384
212119
857263
254162
820267
214241
708544
675325
241440
808469
1255858
90568
833149
689215
11814
867208
11810
11812
238043
636245
198413
198412
71223
71222
626201
808037
808036
808034
290798
290792
615370
7168
717721
7163
89906
887061
8078
8073
8077
92574
273467
381298
1443180
8637
19183466
381297
381296
356514
1248850
245129
819444
819446
245436
245126
245435
381037
903237
274830
239945
347940
209077
1253967
79555
291236
91373
208815
443337
625572
73011
953744
73013
73015
73018
289792
412731
1253904
11269
449804
93625
11262
92452048
93626
11265
11264
5462872
6965
56621
56625
25349
217600
25347
11283
253637
253635
253634
35839
253631
601902
634582
601900
53641
601904
253638
469571
241357
11287
402190
10457
617451
617450
617454
478120
240409
10454
449314
357261
449312
67125514
401430
845320
8662
17311
17313
17312
17314
10332
10333
235684
10331
10337
235680
10338
386828
1232406
8882
9488
9482
9481
9480
9485
466681
61921
61920
6275
6274
87884992
673448
246967
673442
246968
673445
88044261
9733
9732
53218
9736
53216
21337
223720
223721
269795
269794
269796
63293
397405
21338
63294
211654
708226
708224
85639752
270520
270521
8909
241218
275111
122140102
122140103
122140100
122140101
122140104
89446
8906
719472
89111
8901
554465
11085226
709794
709795
534752
534750
709798
470011
636901
677439
339177
91419
62169
94427
94425
76491
94421
1491743
460994
709576
709579
233459
89043
71002
89045
66665
66667
89049
27193109
238377
9819
355985
355981
339355
245606
1255338
718705
718702
347095
8737
1247603
1247600
1248449
1449454
1973894
25350
296676
253135
381599
253130
253132
917396
807331
126531115
9240
96394
92452188
8332
8333
200929
8331
8334
33366008
8338
8339
873457
88865
624549
9905
9902
9903
177393
624541
811689
224029
5466163
224531
89920868
66464100
241722
241723
241720
281365
241725
250119
250118
92832611
25758
25759
25754
223346
25757
208008
208009
208007
61742390
92452239
11459
1057660
1057661
92452235
235474
235477
11450
235473
92452232
17434
17435
17437
17431
17432
17433
217708
17439
209114
832568
522827
337183
522829
534923
62809
62808
62805
62806
62801
62802
91373717
1449623
1449624
717052
458887
458886
458883
274005
345790
345791
17526
626199
591771
591770
591772
295697
63170
388414
388411
63178
8926
71209
71208
11876
1595789
11874
11875
71207
71206
71205
831837
14538900
7100
7103
7104
7105
7106
7107
213392
1491681
810106
810102
810108
822979
676255
676256
617812
58430
58432
595674
219608
219609
241587
208785
208781
241585
7286
89781
89784
522227
984812
984816
222280
146567363
886798
91602
7213
11201
217597
11203
11202
217592
217593
217590
11206
542419
217598
256847
93609
340303
857882
340305
450888
93603
93602
677127
93607
379967
245147
245412
10710
245149
379968
56670
1248127
915560
1248128
809838
87915670
214829
214822
215199
2290
2297
215195
215197
476083
476080
476086
476085
10916
832713
17339
17337
17335
17330
10318
10319
7924
93864
7294
93862
386379
93860
10310
7299
10312
386374
396358
93869
104639
810483
810481
810480
810487
26751
6299
6298
61941
356889
223643
61946
824112
81850
270321
81671
81670
10340
31663830
53276
53277
53275
21319
21314
21317
49243
94075
94076
94070
855901
413055
4596
4849
4842
71692
71696
247322
11999
49792
10345
11995
11997
675505
215385
675501
675502
268201
268202
1492480
53586
36076
36078
11190
11192
71079
176833
71074
71075
71076
71077
71070
71071
71072
247755
87045533
675003
984538
675004
282056
211945
158277593
591343
1449457
89069
89063
235652
213849
245629
62342553
635924
355611
213846
467658
238175
238174
1246977
104595770
613870
216505
8682
8683
268979
8138
8687
8684
8685
8134
8135
8136
8689
82133
82132
82130
104179
201480
451615
678903
531857
479280
531851
7733
87044326
35033
35034
7735
3959
3958
3952
3950
3957
3956
3955
8359
1255789
245085
245084
245083
8355
1240342
398700
73994
358077
16431597
213330
213331
214459
250467
1247978
250464
1247977
250468
858227
5632137
201019
858225
854823
201012
201013
201017
451514
73223
10036341
73225
94249
460081
397749
94244
94245
94240
94241
201275
201273
404374
404376
11436
17453
17451
686437
17457
52516
52517
686439
17459
56019
5632791
1239157
5467679
240079
215278
218100
218101
218104
235984
235987
235989
235988
235239
74169
253847
49015
1450621
1450620
20371478
253848
62828
62827
5632868
146149951
251068
811254
6335
6336
6331
6332
6333
1595543
476698
380038
10452
9676
10450
9670
10456
9673
475354
9679
10103
198456
63150
63152
50564671
11859
1484406
8908
1484404
8904
8907
219533
535368
8900
214597
873102
97993
253679
820804
253678
7126
675096
7122
7123
553057
346534
346240
346532
273429
273424
273937
273934
273935
273933
273423
7959
2825
555904
468083
2821
2822
443485
49630
11085057
19685880
843103
843104
14723233
110589987
707699
707698
707696
31216296
332537
3968
91623
5466339
339258
10038
378584
289775
409453
172453
289778
1583403
93660
93663
93665
11227
93668
11224
11222
201484
1240347
409454
687943
245164
245161
245163
616017
25302
25301
722344
450752
450751
450750
340024
722348
82300
214596
214595
214594
214592
214591
214590
253672
873007
854733
30539001
81784
92452378
322824
93087
93081
93083
93082
354043
322829
92452375
386970
855677
855676
1255574
855679
281978
10938
73232
10934
73233
10930
10933
9119
104611
104613
104614
104615
9449
11406
9447
93884
93887
9442
9117
9116
269429
688357
50564466
401510
247035
269425
411573
81651
240449
1306465
10317
1733388
717956
717959
1733387
1733381
810609
8022
11409
8023
200423
12220353
810602
810604
200424
94053
94052
1239972
94054
211345
8026
211346
249936
249935
211342
10664
10666
10661
274821
8025
4864
274826
58621
5635170
24406136
158276198
10937
675529
675525
87761092
1484217
9034
9118
223980
9035
158276993
7017
62615
594948
9448
379371
9446
345871
212198
345873
345872
345875
63358
9440
531578
8849
269428
238116
238119
238118
47770
402721
532522
8118
532520
532524
8110
8116
269421
8115
18472577
233491
8376
8372
8371
91814
91815
91816
91817
91810
8378
91813
273211
5633022
9896545
354545
354544
1254421
1492807
460534
460530
460532
56222
61578
61579
241276
257365
440758
440757
104609
331935
331934
522416
201073
218897
3971
3973
553679
3974
1372417
3976
1372419
3978
553675
624495
686230
60911052
624496
208048
208049
844969
94269
81793
917843
81796
917844
81795
81798
81799
209271
11410
235433
235435
235434
11416
11417
11419
688348
81872
55569
17479
256435
94197
17470
17472
17473
17475
17476
389865
9431
215258
2427402
215255
215253
215250
613219
613218
613212
613216
24849
605099
24847
24846
24845
24842
1172456
5632514
270461
48613
48614
9459
616815
616811
616812
616813
820799
6313
6310
6311
6316
6314
6315
214500
274369
459060
274366
274367
459065
9652
10438
9650
9651
9654
9655
10123
689901
10435
689907
10437
10436
49694
247206
63136
63134
63135
62843
8968
62845
62844
8963
8962
8961
8960
8966
8964
983138
257561
257560
252583
983137
9455
10756595
634956
634951
719355
68719
719356
719352
68713
68712
68711
68710
719359
68715
68714
2808
275360
868743
868742
62261
62260
868745
868744
217800
217801
9450
217803
217804
62268
339095
34226
339091
339092
339093
34229
233536
233537
233535
238253
238250
35177
35176
233539
720509
89747
720507
89740
290855
91645
91644
91648
8589
8582
8585
8584
8587
595763
93649
93646
93645
93643
5462815
27192762
413056
614503
256776
556259
397872
606281
92452036
460253
460704
460258
25677
208921
61317
93695
396701
1248697
410970
92452038
593884
27290
593883
9887
7507
9882
9881
9889
9888
386089
386088
449910
637361
74556
56674
92452356
386080
386082
386085
386084
386086
687629
475345
94310
844854
389305
336521
475341
9897497
1306668
41961131
592428
475343
10952
10953
10950
475342
10956
10957
247051
121728544
56679
677835
677834
104675
61989
353873
61981
61983
593330
250614
250616
250610
250611
250612
250613
690401
690402
250619
81639
81638
79317
25589
1253746
269609
81637
81636
5631639
9615
4091
211365
211364
844733
232974
4801
4802
626725
1225897
626729
94030
675094
2789
94034
94036
9465
9464
9467
856349
1973227
9469
9468
90234
58643
58646
176786
58648
11951
11952
246895
246894
246897
974819
172318
172319
626090
626095
8975
9793
9791
9790
9797
93715
36033
15438768
36034
36036
346166
346165
830864
89474
213495
15424054
12035
211891
211893
94445
11314
213941
213943
8209
210940
808136
296438
70925
532891
70926
70923
532899
532898
70928
378522
5470597
7083
7082
7085
218789
7088
35396
1223829
71033
71034
71037
71038
71039
1223827
62619
8171
8172
91788
8175
8176
8178
8179
394820
6949
35829
983305
9800
6947
833252
219785
8162
595158
47573
1233226
1233225
219789
9500
217557
91878
91879
5462158
8395
8396
89870
8390
8391
396290
811376
461424
235906
442087
553388
553389
208953
553382
553384
595376
61518
158277026
213370
61516
245220
289311
553654
553656
11386
11387
11388
11389
553658
239916
93789
403474
87980797
94206
94207
345553
56235
94208
56236
56232
904592
35436
35437
1239079
1239078
104441
104444
92452296
542221
134793864
55581
345559
1492421
1492420
675394
675395
675397
1306052
675393
18472587
240036
544945
81999
253888
635357
458025
458024
458027
458026
458020
253887
545197
274161
459263
821172
459266
93926
93927
93925
93922
93923
49146
93928
93929
531252
8091
1746534
6378
6379
6371
6372
6373
6374
6375
6377
10140
451160
10145
10144
70718
70719
10149
90006
90007
53359
10419
63110
63111
9328
63113
63116
63117
63118
9323
9321
9326
9327
9325
466455
466457
8942
8947
8949
466458
719590
62868
62866
62863
62862
331245
718970
49414
1746393
49416
49413
49412
615806
49418
211428
211425
917261
699695
1491444
58457
58454
269926
269925
178011
1584149
626288
282928
395834
395835
395831
1223619
238279
388077
89768
403644
89761
886883
91663
91661
347624
158277764
89815
89810
89541
10544133
89818
450824
450822
1240308
61749
61748
1240302
1240301
1240306
10762
820008
534459
819110
90656830
873510
53412
532523
214888
402118
402119
214885
5455558
1057836
35335
831647
35331
35330
107384
449394
449397
831643
449391
241687
6140
6149
241688
397397
10971
397395
10973
10976
10977
10978
10979
397399
389674
153210703
224327
215425
215427
215420
215421
617233
617232
378923
378922
247070
10547303
617238
466608
466602
241534
81617
81616
26142
81614
81613
93027
81619
81618
240489
94017
94015
249462
17539
94011
24211185
17559
4826
4827
4825
104654
9402
7982
104657
7984
7985
9404
7989
104658
104659
11979
11972
11971
11970
63268
87045085
250943
250945
81963
250947
250949
17550
5471198
984820
247337
8590
254069
254067
62657
544179
544178
904271
459459
213968
10088
2185732
10085
10087
857017
857018
413263
74084
5634265
8853
8379
48189879
140579279
676033
388245
5631961
7068
7067
7066
7063
7062
7061
1311883
234911
401917
401915
401914
395130
707701
8628
476806
6967
6966
8157
8154
8155
8152
8153
76507
76506
234910
331508
331057
331507
689122
385988
1492905
5470643
385986
385982
289861
110370469
212154
466185
212156
212150
212153
2253170
1444297
245799
245798
245795
1444298
88827
88824
21374
811600
11026
11021
11029
338487
234987
234984
212371
212370
552971
245069
234989
953828
443164
62816
11369
11367
11362
11360
55748
239931
239932
91502
239936
91857
625232
55743
55746
55747
94228
467826
281816
63182
235166
674418
674419
834439
10180
213426
61531
61532
241945
241942
213423
82085
61538
61539
617537
241948
213429
32023479
215210
5632732
74107
74457
25429
449232
449233
449231
25420
25426
25427
25424
74108
401359
638122
1255418
386277
386274
7228
99223
386278
93908
93909
93904
93905
396055
7846
93900
93901
93902
93903
6352
441147
532025
9340
9341
9342
9343
9612
10169
9347
9348
9349
10162
9619
810985
810982
810983
10234
63464
717837
63466
63461
810988
346777
708650
346773
346772
357705
12085
250001
200614
200610
200613
90544
688898
5630482
98939
48585950
70731
1225114
626113
626110
74489
2848
2846
2847
2844
2845
238073
443421
208706
443422
329032
268503
268507
256385
268505
17164920
62225
62224
477235
477233
477230
459164
89704
5468467
89709
178010
233571
3979
707638
625008
886716
886711
638728
638729
869323
869321
337698
89835
11106
337696
89838
887402
613742
5470684
94260
340383
10024
25964
355045
25960
469662
831749
831748
65264578
92449762
809553
152384430
253381
982581
177907
35863
35866
35865
35864
917845
224121
224123
81797
55263
55267
673756
532614
532616
8031
6167
6166
257068
10999
331852
27193096
10992
62906
241700
219916
219912
219913
253965
253964
253961
358318
241553
358316
289465
289464
289460
289462
289469
270631
93574
443082
542216
17511
17510
17514
25091
25090
709901
25096
25094
25099
25098
9429
9428
235338
396937
9420
235337
9426
833726
81942
240205
289076
81946
289075
592028
81949
81948
1113655
1113656
330818
87887046
53458
21397
21390
63363
43895576
21398
450587
211859
211858
48111
211854
87045200
70692
94191
855899
7000
7003
7302
63094
63097
7002
63090
7304
9285
10246
104608
63099
63098
11911
104607
11912
11915
7007
11916
269225
11918
269227
50564773
93894
232564
9471
380551
380553
252510
9476
9490
9477
70969
70968
867915
7041
389864
7043
53411
70961
70963
70962
70965
7048
70967
70966
61970
214307
388911
61972
388912
61973
269043
269042
709334
709335
61976
283243
61977
1584336
917182
88813
212177
37061
212179
212178
24997
217983
356253
356252
74143
1306387
339556
533326
11002
11001
11000
11007
11004
38143
38142
356071
356070
356073
5630277
208917
208914
953662
819653
603170
834183
11340
11341
834186
674758
11348
238532
238531
707649
15520774
215652
533065
9102
88845
88847
858111
594647
378734
378732
378733
35477
35479
16554832
460338
81645
628064
269479
810856
214189
241784
614732
614731
904330
873257
449710
253596
857551
1487102
1238693
10835
10834
10836
10830
10833
56276
10838
53179
53177
66987536
297328
93962
7821
7820
93966
7826
297327
217948
627663
61805
627660
61800
627666
874150
56096
9367
9362
9363
9360
9361
8985
8984
8987
8986
8981
8980
8983
21274
21279
21278
8988
208353
835647
219274
2157
270155
270159
270158
270409
270408
719085
1255787
209056
854556
403940
49983
223577
223575
1255786
209053
211460
211462
79163
56921
70756
70755
70759
1240116
87044979
94040
274819
844401
58491
614139
614138
542854
36607
704353
15478101
38614996
89720
72983
72985
72989
72988
250431
675639
390136
390132
886840
5466625
218609
404502
218607
218606
218605
218604
269477
1443050
89856
8291
9659
8294
8297
8296
8299
48915
48912
296202
624518
475714
8793
475712
624519
1304784
673365
673362
673361
673360
388703
288401
388706
388707
388708
9973
953476
91951
91950
91953
241548
1255640
721619
867082
5466087
552776
1584812
552772
552773
7560
91780
545074
10129
73807
8247
269534
94363
10431
358150
358155
10036145
10432
27193075
88446738
10126
410489
201376
241570
635071
635070
88934
52341
21276
73320
268350
386067
386066
386065
14555118
2182
21275
1254111
386068
93007
2186
17571
17570
4609
269533
8423
613350
613354
613355
235313
674207
235649
62842
397466
250907
250908
240222
81920
379292
74314
410090
545682
74310
74319
1595609
1595608
5630523
1114480
89464
888057
216615
355882
71364
215352
636670
21334
11936
11933
1239967
1239966
295428
1225300
1239968
9011
7022
9005
9004
9003
9002
9001
9000
10227
10220
9009
10223
35836
282781
35837
9012
708335
62695
708441
1449514
346452
9833
984661
984662
9831
109381090
252355
468972
7791
7792
291091
53360
1247531
1305311
1305314
1247534
1247537
553072
291234
381119
381116
11063
449907
11065
11067
8661
78076899
1584640
79368
91728
8668
91725
245555
66593
11323
89112
89445
89442
66596
11325
11329
91896
91897
91890
91892
5473337
5467745
91898
675862
61312
88863
61316
88860
915444
915443
915442
35493
1248045
1248046
410871
467470
217704
467474
217702
8085
5634945
8080
8081
68717
241900
241901
245280
460171
460172
460173
74410
74412
200838
200835
200837
200830
10813
686729
10810
92011
10816
10818
397238
397239
93941
93942
93943
93944
7806
7809
557682
557680
354343
223124
223125
223126
223121
223122
223123
905666
247757
247756
1582565
247752
678222
283016
245933
5471308
247286
676683
1973524
676686
676684
247578
810231
810232
810233
810234
810236
810237
209328
1595165
62264
238443
49479
830964
62263
626514
357880
70778
70779
522937
36919
70777
7943
160327190
217805
62773
9199
94723
390044
62774
544057
7099
232152
232151
232150
10372
339012
218469
704337
1746470
707672
707679
91399
91397
91395
91393
91391
856027
290551
356423
47615
47617
283166
394815
8274
677011
61542725
394814
90618
328812
9517
395326
9510
91970
91979
441690
441691
534460
8419
8418
534461
8413
8414
917397
224162
35394
9809
9808
35399
35398
7586
9803
7581
7582
35828
89875
219535
1490770
5468644
217555
217558
89748
5466204
223352
223351
223350
223354
461162
241882
468178
717045
717044
414507
460783
460781
460780
241591
241590
241593
35535
35533
73304
73305
73303
201536
201535
1695562
856030
26092462
55227
62119978
1131827
93026
55229
3622123
17558
17557
17554
17553
389960
904272
4558
4559
274880
1248705
218064
253929
274082
9960
274084
41961274
87059881
246810
337336
337335
451158
451156
240243
451155
240244
240245
80052
80053
251071
952903
323025
12082
12080
12081
200482
290302
380376
1449580
357072
218478
8868
10028
357075
613743
386916
218476
10022
386912
557090
386910
247140
247141
905499
62904
346696
62901
346693
808590
283950
1225362
1485895
283079
63365
63364
9029
9028
10242
1973990
9027
9026
9021
9023
9022
223928
223926
1311823
211810
273501
273500
905802
905803
14720565
2949
868401
217945
217944
61606
122140038
172280
158276590
289784
1223200
544812
11045
27192811
11043
11040
1254483
442003
403168
91707
11279207
91708
62018
8649
8647
8644
8645
8640
238575
238574
289634
238578
232940
289631
11308
93703
93704
11300
11301
93708
89467
11304
11306
89463
91566
823742
823747
823744
213660
213661
245732
66715
66716
613104
66712
613108
66718
74658
54716215
217762
916459
241293
82029
253000
82024
241298
241299
241928
82020
95284
396781
396787
396788
441067
441066
458710
389774
389778
833615
833610
10871
10870
10873
881292
10877
982951
687070
982954
982956
5464058
4941
214238
81594
5471676
247550
63190
63193
358476
19942362
4947
79948
4940
79940
8753463
386742
410971
553948
1248696
458976
458975
458974
11395
281166
281167
553945
62575
62574
62576
62571
281169
62573
289391
87059695
289394
222677
11390
675205
53862
53861
354237
235856
235854
235859
235858
90774
90775
247123
708765
823243
4017
689905
708768
1449247
459594
459595
27295
627770
160327208
704314
704319
218399
218398
9884
604228
604224
604225
604226
604227
707659
346312
345934
345935
274522
552851
552850
274526
552852
6865
605931
6863
218649
402502
16141616
401856
269747
71115
71114
269742
553667
401850
636352
9586
269748
9239
87908596
394692
104594981
8251
8258
8789
74553
2923218
8782
8786
74555
5470725
9589
7619
833377
90656277
7611
212095
212091
212093
9233
212098
212099
233597
245385
8432
91912
245389
9825
9827
331600
71769
80389697
615167
282300
8040
222674
214008
8041
89095
222983
89098
449063
53866
208126
289401
73369
289404
73360
73366
93041
93042
241507
542566
542567
337768
93048
241504
56774
56996
25781
25784
904706
708762
10958
8050012
24929
24921
821053
240262
710398
8772025
10951
74353
74350
74351
80076
73933
553952
404015
10005
404016
404011
404013
404018
9599
9594
9596
9220
71329
401625
401624
269536
401620
247124
247125
10261
10262
10264
10265
332298
401995
401994
401993
401992
401991
63385
63387
9040
9046
9045
9044
634855
868393
634858
211529
353872
211831
719703
211523
10288
479285
219723
466102
466101
479283
79147
974740
637455
322512
79148
79149
107154069
25102
843009
1486700
212121
245469
1254979
843006
403100
443255
89662
91767
234909
234906
234907
91768
252644
252641
616440
89403
93724
89407
89404
61603
213601
213606
213604
91586
91587
61609
91582
91580
867422
74633
240326
74636
616334
460357
460351
821300
1450971
268809
211946
82003
82000
397014
94369576
274525
92452092
952008
952006
275995
952004
952005
952003
807416
807417
89479
88751
1240658
200877
675672
1240654
1240657
1240656
88759
275033
1240653
821165
10856
10855
855796
141660731
338261
5463622
96758
219023
10547711
396504
241412
466749
835744
440682
7875
249625
7876
249621
396065
404579
396062
240091
354148
247827
247826
9303
90576
90571
4925
122173712
675195
93984
807675
11725
93980
807671
522689
11729
94038
720152
720151
556590
556591
675224
675220
675221
808857
808856
521481
521484
675229
4776
107167807
94031
74524
235528
9696
9694
235523
9693
235521
1240526
62736
62734
211990
62732
346083
58383
58382
62739
28957704
886967
1240387
20371471
602319
613468
347939
613467
9466
809102
809103
450356
856778
450350
413365
5630339
295567
459649
70840
70841
48746
295568
11050
833036
467997
984566
8788
395506
235379
8232
296269
8230
8236
8239
8238
394906
1491794
237962
237967
237966
233245
233247
233242
233243
7632
9940
7635
9941
336946
290475
9946
595053
595054
99690063
88928
88929
245366
245367
984902
245365
34110
34111
245361
9843
9198
9841
676347
9844
689792
689791
9848
689796
9949
856467
856466
856461
833728
844397
63456
212215
707785
92298143
27193010
282299
282298
27193018
201312
31665525
63458
1295937
91934
91933
91932
521309
91242
403730
403733
9310
17345
283312
241766
5956
93067
219221
593043
241621
35612
594549
66467590
218021
218020
835963
602656
544826
5630231
358392
358390
82278
219999
82275
82277
82270
824003
1733414
450506
450507
1733410
1733411
450508
32605038
458520
223060
36035
673647
9820
830863
9206
9201
9200
9203
12572104
9209
677239
247101
8282195
1248275
810598
200933
250744
459349
250749
9060
9063
9065
9064
275792
9066
10286
10287
10284
275799
53491
223473
49358
17484
17487
17486
17481
17482
1305511
17488
844629
209115
270275
232296
209116
274950
209113
270273
209119
808465
675858
636780
275577
917104
213556
11883
11882
11881
11887
11886
11885
11884
11889
11888
208442
208445
704296
704291
102058
71706
238608
71700
71701
856897
11089
5634792
11083
11082
707754
11080
707752
11086
11085
11084
91748
62052
62053
62051
91744
62054
62055
33365799
218563
218561
89892
87960981
101491931
89420
24458083
91850503
217757
275279
10037132
290707
355701
5466496
380800
90656338
25869
25860
25864
218900
218901
218904
356618
82061
1224924
1224926
8570
253049
82068
916460
26061
532419
638236
35744
7406
625870
952029
952021
245197
88770
10642
593780
593781
543820
389001
389002
273104
389007
1303558
381209
8284288
905604
347164
386649
846147
602131
1492970
5471637
615468
615469
8189
249700
249702
222580
4903
4905
4904
459807
11704
235724
93874
678425
535141
1443672
477126
93875
50001925
81888
81889
53824
53823
88896
10698
10349
819891
809690
809691
345518
63485
345516
809698
345513
211978
211977
1484513
63389
332029
9165
677540
9166
10400
7244
7243
9160
451324
1595453
9162
92452087
269166
9163
1238093
20949335
53534
53537
70868
70869
1485351
1485350
70860
63227
63224
63222
63221
388527
282457
63229
8816
236015
236012
8811
10403
269106
236018
8219
237947
237945
8211
237949
8744
8743
8742
394387
8740
475798
7657
10404
395389
9562
212059
596042
596043
10405
245699
245340
245341
9869
9868
9863
9865
9864
257183
9866
11146
553282
553281
553280
94264
93047
93049
542569
386371
238410
442232
615690
381691
553476
381693
381692
89755
556014
556016
88905
832827
832826
88900
79488
832822
100443864
88908
475899
73412
73413
89367
89366
89364
89361
474946
34696245
625466
615582
474948
245524
245527
48880
48883
245528
215319
240117
240114
215313
240111
616103
62331
1240593
1240590
388996
19942489
5849
92452355
25299
25298
8870
25295
25291
25290
25293
845552
93637655
336450
250184
8879
10048
10049
37426
676564
9264
10041
10042
10045
10046
10047
441350
247472
531465
1492031
8398
531469
219310
250988
81740
81743
457782
394750
345720
9088
9087
9086
9085
9084
9083
9082
9081
91877
81821
720053
720051
87045850
94141
521563
90653
90652
232270
291011
275518
28270500
556385
2917747
556381
556383
556382
90600
66848161
626389
1485831
89995
707726
234942
62072
234941
62074
707770
612904
707777
638645
638640
256110
256116
460845
460846
460848
1735064
542759
66518
89190
66511
66510
66517
66516
542754
290721
290722
819545
819544
35071
388317
388319
38284566
842711
842712
283667
82049
9380
8006
82044
283669
8001
34762015
8003
177829
2787
613604
103943
613602
55347
55340
55341
29699957
55343
831411
606274
831413
831412
532718
71326
532716
532717
5472069
634770
273160
218962
36041809
717322
378791
717326
354450
241327
214250
269854
593506
105246444
241328
257234
7031
4733
4736
468456
468455
289789
468458
201438
1372502
449810
807329
201432
854648
854645
854647
397410
17388
17389
94338
94339
94336
94337
94334
94335
94332
17385
90533
688258
11769
11762
7880
11766
11767
688257
11765
89176
11382
379532
379531
379530
90791
592109
443576
11739
251178
251179
125695635
21291
21293
21292
214897
522049
345532
345533
345535
200529
823880
10389
10388
871902
451429
871904
7265
5635099
387109
685834
808238
808231
48784
48782
808234
70808
9740
70806
70807
388818
275987
1233328
388814
388816
37318
236038
37312
239919
479656
37315
708259
808844
338850
7673
233289
9224
212036
212037
212035
887118
233287
5634854
637681
1305233
1305234
273377
556847
11168
11169
1372085
11164
1233103
11167
11161
634013
247122
8767
234889
1232327
1232328
234886
554964
8769
268458
554960
247121
232863
953238
73659
546233
71325
603038
401623
603034
603035
269532
34043
823620
721617
614955
245322
339456
88961
8497
245324
245325
234773
234774
1232494
459558
628149
89389
460078
5993
5992
89385
1448612
460076
89380
89383
241669
241668
241849
241848
214062
241667
241840
872595
176940
217951
450658
17477
389479
389477
624531
92452249
7888
92452244
835047
240429
48282
12003
12001
903473
274681
1306113
9241
9536
9242
9244
9531
9246
219847
219849
63386
818578
708137
104661
81766
274006
81981
707849
707843
809089
1223704
854104
854105
386375
94163
211549
94167
94164
94169
211546
90677
10712
90674
557089
290927
90678
948474
720383
948476
10035422
11377
948473
11133903
62897
62894
62895
62892
62893
386373
208400
62898
268601
63104
1491506
89609
89975
256132
256137
637778
1232868
234960
234961
605838
451516
709446
709447
709443
339660
709448
4879
604123
604122
604127
103564270
250609
242429
27192713
905665
603821
7198
7192
7197
7194
91696
91697
858488
858482
8029
283319
8530
1255124
283311
8024
8537
81621
74252
635359
82146
81624
66579
66578
245588
8186
984085
8181
594096
7765
460443
355306
214501
214506
214509
355309
73043
554179
73047
821171
545547
545545
7867
4754
4755
4756
93699
396702
93696
396700
93693
63109
844850
844852
56671
208399
208394
844858
208397
94318
208392
2191
442704
442702
634415
11743
11744
16737521
253377
218205
250392
904406
240309
904402
289312
240305
289310
289314
345552
722095
80172
345556
542011
74218
542014
49148
602406
602407
602405
824230
1254977
9187
9184
9185
9182
10368
9180
10367
10361
10360
9188
7209
809437
809432
809433
7200
7207
7206
7205
440918
295509
9763
9760
296272
87967702
9765
444024
9768
296901
444021
273263
21411
21410
223797
21414
63262
63263
21419
21418
247333
63267
63264
63265
8859
5630170
62797
201172
62799
8852
8857
8856
8855
257417
289868
545304
983044
983045
257419
257418
10413
1254898
60575940
403558
10410
90004
268291
268299
53589
35242
70715
381529
11943
291376
717533
11108
9639
11100
688472
688475
11105
9329
283414
834559
834558
9322
89018
63119
823609
397332
9635
245659
614382
88942
88947
8941
17376
93598
330153
93594
5462928
241821
241820
241823
241824
241773
55797
55795
55799
721838
1255716
1255717
466683
721835
200977
9977
73451
73904
9974
833732
73900
73901
624513
397869
10311
624517
380162
92452266
92452264
12025
12026
12027
12021
12023
247650
104588
476179
31664552
545681
107315855
468004
215353
240157
215354
49767570
247430
1058366
49088
546018
93721
49087
11393
1254043
26059
459980
26056
26057
81706
1595284
87044799
208561
208560
10316
1305023
690616
63266
27218
232237
626619
615808
235934
9514
235936
9516
235931
31451981
404095
52735544
10778
10779
90615
9518
90617
11828
215155
11824
11827
11820
62307
62304
62303
252426
710209
240353
534648
615807
254134
49412092
821434
346237
821435
707738
707739
707736
707732
48067
48066
552970
48064
675754
675757
10196
10192
83626
135764847
252396
198352
89108
290392
678628
89954
395202
238663
87953931
543925
8516
222984
8043
8044
222980
8046
34052
241634
222989
831742
8519
331145
31664821
476911
7981
35903
224208
224206
224207
833503
89480
89484
66557
89489
1303685
66551
66550
5466560
245466
61798
61799
697888
811246
811247
811244
461518
461516
811249
1451040
24755
131223899
24753
24752
1253839
843197
625584
696931
10157
11778
12012734
241366
5467382
4774
4772
250553
73020
73023
81579
250556
250554
61519
92452018
553761
553762
201166
2562323
396859
55302
55304
55305
55307
94372
94373
88003646
94374
17347
56874
281901
235748
5471240
36041715
427303
87973890
42958704
345572
553835
553836
200560
200567
808977
2712
2710
2717
2718
73355
270571
270570
7957
7220
7955
10348
7227
7226
7229
10342
10341
10692
10347
7968
10697
10344
17406
74189
378992
50564303
3977
208948
9172
556972
9171
53226
53221
53220
53229
63241
9703
8871
247358
8877
247351
223802
223800
247357
247356
808586
48213
211917
88750
257477
257476
331335
41397105
8161
331332
6975
200878
291175
11774
10758
553168
7922
395833
553167
553164
211003
835290
275273
440834
275276
604684
1223898
443577
11121
443575
479561
11126
479562
11128
522044
291310
443578
62116
91427
62114
208613
252984
34181669
34994
252989
11870
35069
93059
89038
294845
89037
34194
213746
627543
616704
253167
253164
253162
627545
394899
213521
213520
245586
8188
61499
594093
61495
61494
61493
8180
8183
61490
1231984
7761
7768
1225493
74042
634413
634414
74047
253290
93064
873461
253294
7256348
637251
273266
273267
273265
56461
56462
273269
35243
9958
35241
35240
9955
9950
9953
92452201
11084818
982851
982853
241775
241774
12041
12046
12047
12044
624793
25761
10547583
247184
247187
868056
868055
868058
81726
81725
414395
11461
90452
555332
11468
8384
720034
387531
94125
94124
808976
94122
808974
17404
17407
245031
17401
17400
94128
442934
442936
477647
232210
232211
675326
9573
9575
9574
10752
10753
10755
10756
10757
627542
11802
11801
11807
1484102
11805
11804
28957646
4096
1225498
218294
218290
211493
888295
49417
557678
5463958
275712
211497
5630450
708539
211492
708535
211498
1255864
70784
70786
70781
70783
1255863
48001
708438
70789
87985341
48007
9397
70785
9394
833153
9391
9390
467300
233169
441915
808235
269669
240273
808028
451431
451430
673954
9897385
821048
7152
1973845
48004
89933
543401
5468279
395770
833156
34070
9396
87959459
8067
1295814
79564
811485
76426
689677
811488
531942
378220
541801
76427
219656
219653
219652
219651
219650
708993
708992
708994
245449
273679
224483
224481
59431688
273675
11199
36084
602024
10460
635697
4797
92452075
11252
11253
628247
13512000
719455
5631680
94359
94350
94351
94352
94354
94355
94356
11786
235014
11780
11781
11783
674520
674522
674523
36041733
241346
34600877
807670
253330
214818
214819
215143
904994
215147
93982
215145
240344
81806
821932
215149
215148
81802
240438
81800
81801
449306
74256
74527
337258
12253851
74251
12320929
25510
25511
451841
627047
627042
627041
809962
809961
458428
52377
52372
217595
52378
52379
1172299
290209
290208
386830
386832
99575
290207
270514
4895
270516
9498
9499
7978
7975
7977
7976
9494
9495
7972
61917
223632
476700
441211
441214
61919
250827
678315
678314
708054
9723
55226
475241
9728
247372
21327
247370
21323
21322
63510
8897
104627
8891
8890
871892
5471272
211393
249962
211397
274879
675222
601746
601748
5635129
808858
268256
268254
268253
252994
868503
808709
56594
380168
281824
688476
808707
71045
71044
71041
71043
71042
238146
92452338
238145
403021
403020
403022
403024
403027
403026
94439
91408
94434
94437
62172
94431
94433
252998
89024
66694
89058
238497
403799
280540
213721
213892
213723
213722
213896
887233
34074
87973286
867306
10970
1248451
9698
1248455
47722
89028
253103
82160
253104
82162
677929
831410
92452193
812097
449465
8307
835649
602329
58388
82297
1232708
62733
82298
1232705
200931
34600791
283019
9939
9938
9932
9931
9937
9936
9935
9934
2380
253098
48603358
241756
12062
12064
214152
214151
686438
9912519
807756
915944
603634
603635
219392
219394
31285538
835858
457705
457706
457703
7096
11442
92452228
11446
11445
235469
201227
235467
11449
11448
201222
201221
201220
614855
17429
249578
675307
17422
17425
249574
36720
200932
9559
9553
9552
9554
5630298
5632834
232091
1442732
8782321
1442735
340534
340532
332698
710103
710101
390218
710105
381913
63166
63161
108030420
63169
8934
11860
8936
11865
8931
8932
8933
11868
719712
232637
232634
36718
34273
7172
451416
331761
402945
233324
381758
59375254
401773
709200
402782
1491314
709208
676266
676268
92543
1491966
1491965
24453901
412352
1247174
73797
73796
73795
245427
76447
7777
522231
556131
91367
91364
675685
91363
7773
91368
91369
7771
11274
11276
11273
282532
1254633
289702
282534
282535
337629
93142
5466526
245131
27192868
7857
832708
832709
379605
25351
379607
25353
832702
832705
222524
915558
25681
223883
873055
873054
601911
74078
214832
214833
214834
214835
213288
270689
270688
904466
904465
904464
270682
270685
270687
842351
1365505
103907474
873635
63308
1487032
1487031
56617
10904
10906
295909
295908
10909
458604
9120
9121
235691
9125
9126
10308
10655
10306
10304
10303
10653
10652
93858
93859
413146
868152
708037
104655
6284
6285
6286
6287
9401
8319
81825
9400
81820
246959
81823
9407
81829
9406
63285
80087
63287
676794
53592
63288
200475
200474
21301
21307
905737
905738
1595967
200479
10444
208262
211621
844743
844742
23359462
209016
605443
11254
555108
809237
210937
820133
275109
1254836
1254837
89201
854204
9336
219029
219024
9331
58617
219021
219022
58612
808723
675517
534747
8700
10409
626510
470006
534749
674108
626515
280707
176827
71067
71066
71069
71068
176828
280708
62625
62624
234803
62623
62629
1396701
394325
282858
709569
709566
282856
87882939
89077
62045
395984
66671
62046
10011
699503
699504
858890
108030415
253129
253128
284282
48828
253121
253127
1584699
1255048
16112143
532519
52431885
403475
451605
11787
7720
7724
441782
3949
441781
3940
3943
91829
91828
831532
635580
635582
33366036
8325
8324
8327
8321
12075
8323
9911
397802
1492854
224034
1492852
224032
224031
224030
73968
73969
224528
617046
541619
984901
12070
61545
61546
61541
61540
245362
55880
531154
89923118
389299
831283
257318
257319
41961283
257310
257311
257312
676340
257317
100419435
634325
100419431
201024
201020
201023
521850
442465
11429
11428
62659
235190
11424
11426
17441
17440
17442
396423
17444
17446
17449
240063
832577
832576
832572
235992
235993
235990
235996
479861
544934
247491
247494
247495
247498
1058875
1746388
87065734
62817
62814
62815
62812
62813
62810
824336
289161
952816
218250
218253
218255
9898616
7847
274443
459742
274441
274440
274447
459745
719813
719811
5630414
81803
347780
10464
10465
1449177
451598
10461
1449176
10468
10469
71214
916871
71217
63147
71211
71212
71213
71218
449304
8912
8910
8911
8916
8917
11847
74253
8919
387792
11842
11840
30538930
831840
1225238
380226
709198
7113
25512
7110
7117
7114
7119
982579
1233155
1233156
810112
717717
66724
7843
73967
346529
239934
532981
532982
717433
917589
54128008
676246
47936
58425
809968
688576
688578
58428
1305442
853760
110589994
17533
707683
707685
17365
89790
628342
17367
91349
91618
386658
91615
844165
91613
34039
394463
142084238
378594
35614
17362
378591
397160
397161
542403
93616
11211
330651
11217
37348720
11215
11218
93619
256784
256781
256783
8349
379973
379970
245409
61735
61732
61733
61730
10321
179003374
613011
1246403
1246404
1248133
410239
82317
82318
475997
214583
214585
240478
91931
63304
240473
521308
240475
468257
396699
63301
74563
92225
63303
1240720
1365075
388246
94132
52338
808962
10925
17321
17322
10928
295965
17325
17326
7931
104624
93872
93873
7935
7934
104623
104622
93878
7938
9105
104629
9103
10675
10674
9142
810478
401506
810473
61958
9141
61950
61956
61955
81667
240384
81662
240382
9497
250867
81668
1733392
1733395
1733396
1733399
1733398
231950
21361
21365
21366
94067
94064
94063
94060
9896311
404156
24999
4587
1225752
4852
809215
809217
809218
11982
11983
11980
6269
11986
11987
11985
8158
637375
637376
674121
10035298
10585
11181
11184
71000
11188
11189
208674
213931
379369
213938
213939
718821
17684548
331056
212182
47899
213850
355609
241625
402411
1486950
385627
47769
450976
8698
283238
8695
283237
6938
283235
8691
8122
8121
8692
26755
26757
953566
26750
26753
26759
158278785
396939
1238866
1238863
91803
91802
91801
91800
593686
91804
91808
389101
273206
8348
689483
389107
8343
8342
8341
8340
8347
8346
8345
8344
5463836
467905
469818
212322
245217
241243
241242
245218
1254779
1254778
4077
468081
468082
100419452
3967
3965
3962
3963
688682
688684
844973
844970
686227
624488
81783
73239
94273
73237
94275
94274
11407
201262
11404
834915
834914
542218
11408
104438
55576
55571
55570
213680
820269
94183
281750
17468
94189
94188
17462
90693
54786402
215248
18472576
211390
810861
810863
253850
810867
810868
256222
888232
601745
6323
6322
6321
380798
380797
380796
380795
9667
9666
9664
10448
10449
10119
10116
10445
10446
10440
10441
10442
9668
269603
269607
269606
71274
269604
63120
71278
269608
8979
8970
8971
8972
8973
62839
8976
8977
7138
721371
7131
7130
7133
7132
7135
7136
35144
219181
887019
219458
68724
68725
51578036
273924
35143
273923
555915
35982
35983
269979
212373
466017
58401
452047
34231
34232
34234
1733413
1223621
73752
73751
73750
73755
354946
91634
91637
91631
38251
8598
222905
222907
8595
8593
222903
282065
5467301
11238
93670
93676
93674
11230
11235
11237
11818
71220
245179
636241
873504
467564
904643
904646
217650
217654
357706
635153
809845
809847
9892
9893
9898
624905
93090
386092
386093
104051
92452366
386094
687630
6139
1773400
678117
855680
855681
10949
215475
215474
10945
10946
9479
93898
10063
9472
9473
9470
93895
93892
93893
93891
241506
61971
214304
241505
61974
8269687
10229
553557
61978
214308
24996
1306386
239930
1306381
1306388
1306389
219716
270319
270318
2248
874243
250620
81647
270317
81642
614954
21345
21342
21341
5631865
626732
626733
274816
274817
626735
94044
274818
94041
94042
627424
94436
627423
556488
627429
5634890
294709
868561
868565
477011
14539210
44720334
9784
9786
9789
127576740
36041
36042
479078
158913901
1131169
479077
479075
62198
48162
34912
62661
91135
62662
62665
604578
604576
296446
296445
395909
5634233
1255347
532889
357887
7097
7094
357884
7092
7091
390043
390047
357889
390045
401922
401921
238121
8107
91790
8101
8100
8103
8784
91799
8109
638539
402719
241883
6951
402716
402717
241887
241886
707778
378346
378345
385977
219792
8361
8360
8364
8366
8369
8368
91862
91864
91867
822203
27193085
378120
9067
241947
10289
224075
224074
212302
212303
82087
241231
245230
211988
1247905
355223
881290
61500
241265
214464
241263
214462
615584
555442
414279
89165
4019
4018
201065
11391
201066
89169
4014
3988
3984
3980
3981
92452178
403400
1450240
208053
381295
411994
208055
289536
289534
209263
209265
9917
235409
92452284
51638458
1059655
240029
844622
25100
1048319
74455
211500
449234
200881
200882
200885
873206
873207
873204
47902
873203
24856
24857
274159
87059484
821166
821168
270459
274157
274156
93934
396064
93936
93931
93933
93932
2564724
357528
673536
6305
6303
6302
10132
295626
295627
290471
63107
10428
10429
9649
63102
9318
9316
9647
10426
10427
10424
10425
8956
219224
8952
8953
219220
8951
269373
269371
269377
8958
8959
719585
87045759
62859
1372246
68707
68700
68701
553069
553067
553066
68709
553060
275578
2815
2814
381206
381207
2813
347162
2819
275359
79074
79075
58468
62272
62271
58460
58466
58465
637128
282934
290073
232122
282933
1584153
1584152
637127
637126
238712
8059
2917764
238249
238248
1695138
553478
89759
89756
553475
89754
553477
89751
91650
79253
91657
91658
8467
93658
93659
93650
93652
93654
1485172
94000
61776
48964
61779
721709
953157
625573
7849
1633299
208810
953158
100419396
634776
17528
17529
634779
107166812
450249
7844
93906
603827
214898
58395
7841
214894
214895
214892
214893
1583457
1583456
1583454
8800
953738
842916
842913
92452347
92452349
449387
449384
449383
6150
158913965
546237
241692
6155
6156
6157
10966
10965
10963
983468
624483
10968
283015
378660
378662
215418
88893
247049
253958
358612
61994
61992
71703
250601
8208
5471769
856899
25593
25590
25596
25597
25594
25595
56409958
603829
25599
81626
2264
81625
200412
200416
2568213
387699
211318
9434
339865
339864
290864
339861
5467723
94022
94023
94020
9413
9415
9417
9418
235340
8302
720289
11260
720283
96978
720286
720285
87761996
709893
232469
232468
9346
709895
10168
232467
254071
254072
254074
708415
708417
708418
41737410
274742
274743
213970
213973
141007051
2338538
10091
10090
10097
10095
709093
709092
709091
10098
290394
290396
91740
97164446
40369728
91741
410754
76393
76394
76395
76397
76398
70936
213819
70935
70933
70930
70931
213817
213814
388251
676001
1223830
7075
7076
7077
7071
867920
269035
8163
6977
476816
8160
8165
8164
8169
8168
440833
543677
467388
595161
212144
10034610
245782
8389
8388
8387
8386
543921
543920
8383
235985
245030
543924
1225753
9461
615071
10548071
8308
241753
12065
219448
219449
553390
553393
553392
553395
219447
213369
886692
635693
635692
213367
213366
174911
1231781
11378
11375
11374
409818
11376
11371
11370
11372
91845
91844
601903
687427
397241
397240
397243
94238
56226
56227
1225052
94233
94232
94230
915491
915492
915493
1492696
1492697
9909789
61526
61525
593420
61523
61522
61520
253097
253094
253091
253090
215204
215205
821818
614854
821817
215208
215209
218151
218157
235287
218159
218158
51577979
638119
1450677
451062
92450263
93912
93911
93910
93917
93916
93915
93919
93918
219139
6361
403880
6364
9335
10153
9337
235825
235822
235823
10154
9332
10408
70722
70721
70720
70726
70725
70724
247526
247523
212200
9621
9620
9627
247529
984405
476579
330969
984402
62870
62873
1491619
26964
219143
219141
219140
615811
1746387
211436
1305648
336864
1247317
444108
459058
604018
917521
104638
685709
637452
62258
62259
637457
62255
62257
82062
52418410
89771
288459
288458
442390
295910
5501919
91672
91673
91674
396150
91676
91677
604790
467907
89800
450818
450819
201225
1485470
61753
61754
235463
819109
25959
35140
35142
92449773
25952
25953
73715
92449778
73862
842600
845928
9156
8441
873508
386826
1255638
1365372
1255637
676807
676806
74588
91926
14668698
5632469
74587
55411
10988
10987
10981
249579
10983
10982
952028
625871
247063
905224
905551
545437
545436
983990
214342
214340
2200
81604
2205
2206
240490
201569
6270
21382
21381
21380
466682
281670
6272
554598
554599
554596
554597
17524
554595
17523
404644
404647
404643
626840
88771
104643
104642
104640
7997
7996
9438
104644
235615
235617
235613
235612
678515
678513
677737
707755
253126
268721
268720
81978
81979
36553
1595657
2477928
5630555
92452384
8633
8144
591667
89359
8147
34951
34954
34955
9025
7332
218407
218406
218400
218402
11964
11966
11961
401696
269236
11968
273105
9024
269231
380549
53405
53404
53407
53409
53408
1973969
7058
48189808
63310
241877
7050
7054
7055
8149
8148
8141
8140
8143
8142
8145
284203
8631
8630
604463
822067
232092
1238162
8227
269792
21332
5633055
457860
457865
9990
11036
11037
11034
11035
11032
11033
11030
63296
5631837
356066
37306673
397085
819645
603167
232935
232934
282695
232936
1254710
443171
443170
89121
533077
89124
11355
61320
61323
61322
1232056
1232057
239929
88833
239923
239922
73297
73292
601836
450661
214423
214422
214421
214426
82094
82096
82090
241958
82092
82093
25417
25416
337697
1492419
904329
25419
25418
74110
357532
74112
357530
74443
542310
542315
542314
9999
26478342
1492088
121485121
87935296
90586
7830
93970
7832
93975
93977
245905
6345
6344
6347
6346
6349
6348
87969711
9353
10179
9350
9605
402073
9355
9354
53364
10173
10174
10175
53363
247501
810992
8999
443889
443887
8990
8991
8996
8997
8994
8995
209375
270415
250035
270412
250037
250038
152385429
808350
808357
808355
808358
868267
240295
131225828
380043
380042
9357
269917
63164
2856
381911
443418
217853
443411
886916
356794
704342
36610
704348
252550
252553
89712
479375
1490813
89716
89717
89714
89715
280999
233564
238207
675628
290564
332540
290563
811112
811111
811116
811117
811114
811115
808854
811119
11864
887472
11866
89820
31216190
394976
8288
394971
397747
92449753
178029
952249
401114
9358
1255650
402122
402121
1584809
624613
146356686
177913
338575
35690
338579
8284572
55270
55271
55273
11358
673749
27193069
257073
24623
11353
553565
11352
635066
635064
241569
635068
635069
270628
555219
270623
289459
270627
270626
983140
886686
92452308
329826
92452307
11084936
386075
603317
5466133
389956
389957
17501
339176
239928
17509
389958
389959
477747
854206
218053
442614
442616
90265
442613
442612
56409973
833859
49583
833857
533530
905171
535277
172349
76490
74304
74306
542108
409572
709572
450590
297546
380380
380381
48108
211861
211863
211865
459158
211867
451231
534368
252960
252961
63086
63084
63083
63081
396424
63089
11904
11905
809563
387039
809566
809564
402497
11085328
10232
9017
7034
235899
10235
7037
7038
7039
70970
1388946
88445194
402946
396422
63335
63336
388923
388924
63332
223978
708325
246868
820009
709327
709326
289939
709322
283500
283502
709328
238374
381382
834076
7788
7785
7783
212102
212100
1443724
1443725
41961178
291087
211713
211711
47810
47816
211719
331853
461327
461323
856554
11018
11019
11014
11016
11017
11011
8617
8616
79377
91738
38154
91734
91737
91736
38150
213430
211975
525603
953659
73102
89107
89454
89457
11332
89451
89450
89453
11336
11339
9581
89459
89109
834190
241959
290631
91889
245071
239941
239940
91881
239942
91887
91886
239946
904526
904527
35484
35487
35486
35480
35482
74682
240573
74684
74685
74686
834441
834443
834442
834444
253764
722216
722217
451956
57019226
214193
214196
214195
214194
25168
240516
357533
253589
211574
200828
74447
211575
74444
602232
10826
10827
74445
10820
10821
10828
10829
93957
93956
603315
7815
93953
7810
9302
1248447
236115
61876
9139
58271349
74449
38562765
9379
63435
9373
9374
63438
21269
49194
247291
247292
49191
49192
247297
82113
856234
209356
716906
268916
270630
5635062
22184635
219108
200643
380718
674025
90701
90705
90709
253133
381301
70760
58485
58486
479177
948485
58488
58489
62219
704322
37389327
704325
707661
707664
707665
89732
5473408
48714
72990
48711
48713
402576
1255267
1255265
1246840
1246841
385897
9330
385898
867207
90583
1232556
27192716
8268
237933
638434
8267
8261
237938
627670
63922024
388711
388710
91946
91947
91945
91942
91941
90932
398098
91948
91949
177937
8409
177935
177933
855574
177939
257132
9818
7574
9816
9817
9811
9812
9813
7836
1238212
686027
223348
16012989
709907
358148
389395
389397
2109538
389393
717054
27193040
717053
873458
241589
214386
214387
241584
214385
214381
834706
73310
872671
1239767
1239766
835384
396638
93018
688034
93010
17562
222282
8212
17564
323760
8214
240185
215387
1444218
215383
215382
832432
832431
215389
675005
235651
104684
104683
235654
235656
235659
467659
1450757
253930
602937
396940
121728539
707748
9601
9352
9602
1239354
1239356
1239357
32023742
9356
1733377
251065
410089
251067
49299
49298
49297
1595611
87065165
1172367
270206
27192865
270203
38430345
53361
10781
10787
10786
10784
10035
10031
10030
10032
11928
11929
11921
11922
25354
339659
70956
1239973
81944
25047290
9032
9030
9036
9037
7018
7019
10250
9038
9039
7013
7010
7011
984654
984656
63359
531579
25352
63353
984658
5631935
211807
21326
211808
346449
346448
252612
708642
905870
2955
832707
219719
290067
219717
219715
217953
212123
79179
79178
14757209
79177
87763432
553376
553375
1486759
553371
89699
11078
677336
544271
11073
449911
11071
544279
1304946
8671
8675
91712
91715
232973
250036
172520
89473
89470
89477
93714
89475
11318
11317
66586
89478
11313
720763
91576
450581
91571
337015
91579
88870
675872
467467
677128
215550
215552
5455085
74660
8097
8095
61587
257180
689685
689681
689682
241911
241910
241913
460163
460162
460160
21329
460165
460164
11144
74408
74409
11143
635457
635456
678034
678035
458702
223282
458704
458705
458707
10808
10806
10803
833952
833953
833950
833951
881304
881302
247761
66967285
396137
38087
468355
81581
81580
81587
81586
5632768
468358
247546
5632330
63188
87044511
247549
63181
358466
546120
546121
873824
9288
208328
250072
521849
7583
457638
90549
2168
397671
90545
209330
90546
457635
90543
4955
329033
627763
627760
9281
458969
160327213
9280
62580
1131040
289385
289387
289388
90769
689997
36925
521847
62768
62765
62766
155487641
99583
704302
704303
704309
450509
68696
68697
68694
68693
63501
707644
707647
68698
68699
91389
1255200
1255203
89382610
198260
11226
396144
76471
396146
394689
678815
1485414
8243
1132028
8241
8795
867083
833380
867084
867916
867089
73804
73802
73801
10202
235472
53413
97513
441689
10200
34123
8191127
7042
822340
235690
35830
35832
9839
35834
10309
7599
7598
7596
7595
9127
7593
88906
10307
89864
10208
89868
89869
867918
5466231
27192996
245553
245552
241610
214011
1633301
257030
674645
603530
603533
603535
674643
1486149
832829
55454
443011
443012
55452
55453
449076
449071
208134
554068
554069
208130
477444
73371
73372
93037
93030
26092416
93039
55230
55231
55232
222412
17541
17542
17544
17545
252555
218470
218019
357454
82244
82243
82242
24937
24934
24933
24931
24930
246829
81915
81916
274076
81919
274075
246827
402412
25229
25224
60466176
74349
809700
479372
809705
80065
1733421
1733420
6046
1238170
387612
553946
387615
553943
253455
2185743
450085
386969
9238
450082
1973188
10012
557087
9237
10016
9232
10014
636135
636136
87760661
71330
708146
708147
10276
10271
534106
676793
9058
717635
1939987
717632
717633
9051
9052
9053
820912
9055
9056
329194
329195
329197
329198
223930
69117675
2479173
49253
47858
49251
381121
381124
1281698
831914
403176
403175
403174
11055
403170
522135
522134
62023
718055
62020
62027
62024
91779
68046000
858702
8651
8652
35739
100240474
240113
89419
208263
89411
89413
89415
1248272
89416
61610
61613
61612
61614
61617
91595
91597
211625
245701
80086
604788
460361
460362
217759
256537
1450907
1450905
869122
869124
213451
213455
241286
627977
627976
1231702
1231701
1231700
807933
807932
807936
84961
459571
8285
10862
10863
10861
10866
820131
687068
241425
241424
241421
617328
241423
617326
1306533
389581
404582
354150
215284
215286
215280
215281
634111
638009
1058271
617145
617144
29704344
5471592
324220
79933
11736
603726
380950
90563
2107
557562
37977593
685837
49484
49480
49481
62568
58614
675213
854208
235531
675864
52735498
544062
708773
176903
274684
274687
1449250
332072
252827
252826
232186
232187
450347
450349
459812
11205
70855
70857
70858
11873
79543
8925
94320
238009
8924
17396
401849
238005
8922
8221
76450
8921
440917
8228
8229
8920
296900
87763994
140813521
237972
237970
211991
105531835
237974
237975
7608
7607
7606
7605
7604
903163
48981997
37060
8461
269326
595061
595062
88939
34104
88935
91903
91900
91907
88933
35108
177979
9859
235719
238533
212269
9177
89887
212265
89882
395635
14670296
7899
245573
214035
245571
27193009
11773
89086
269375
11772
89082
89080
89081
201305
603046
603042
443079
7891
20949329
73353
177911
73359
73358
676561
477938
1583522
93050
93056
9265
389105
93055
2108
337770
625988
256491
256492
594550
10737
3014605
41961253
41961250
10733
338578
1442867
1254980
1048214
270407
48875
82265
459358
240274
821047
459352
459353
459355
36089
254097
36080
36081
8772036
36085
36086
1733409
602025
602026
602027
387360
1733400
1733403
378731
842245
52427
389108
831278
476185
10073
10072
10075
10074
10077
10079
871891
9219
871897
871899
9213
9217
9215
247139
90783
532242
9076
337941
9074
9075
9073
9071
10295
10294
10291
10290
10292
465917
810729
387899
208517
15477943
708340
466371
387895
208519
808459
274231
274233
88446919
808982
274948
274949
89073
74278031
449302
1443785
89070
79131
637571
79134
208475
208476
70996
70997
70998
674872
674873
674876
674877
674874
674875
1223766
1223765
238610
89658
35545
62049
62048
256162
91759
91757
91756
91755
91754
91753
91752
91751
234912
347758
89430
1113802
974344
974346
830733
830732
61639
1240233
61636
413145
296596
31286121
25871
25872
241564
54716479
460343
595670
66726
66720
241566
66722
66723
268817
268810
61492
402648
402646
402642
402643
73168
73169
282614
282612
241691
73163
73164
73165
73166
282618
55375
55376
952019
952018
871917
10841
10848
689579
708906
215515
215517
247721
31285775
247723
241403
241401
846153
846150
249656
249654
854327
854328
249739
7001
4917
4913
289458
1255045
253597
16737577
11719
807668
403937
403936
24406554
403939
403938
253593
323861
808869
819889
54164934
534371
534373
9680
9683
9682
21008848
211987
708759
62728
708755
27192937
449468
290295
290293
290298
386072
66078902
7257
616955
386074
451334
532512
603316
809448
31216264
808242
5634318
70870
290074
290075
233075
218693
218694
8804
8805
8806
8807
58390
8801
8802
8803
91609
94491352
8808
58399
237954
237955
237957
237952
237953
8206
8207
8204
8205
8201
7621
7620
7622
689016
109381127
7629
233014
238281
238284
238287
690097
690094
690092
690093
212065
212064
690098
3948
88919
273324
273323
273320
222833
245376
222835
886696
275206
275207
275202
9879
9874
9875
9872
9873
9870
9871
11154
93961
553290
553291
11152
443583
9194
355126
355125
442618
217596
11200
63391
5629586
831531
832830
91928
91929
55414
11204
11207
397618
397616
217591
397612
397613
218058
93078
93079
92452386
459465
677009
89353
92452388
8320
27192953
241653
213554
213555
213553
82086
241878
468075
468074
25000
332835
9913
11854
1492855
449163
241801
1492853
253992
62070
397805
253995
410362
410363
2483577
234940
410364
410365
887281
638013
635576
635577
82207
603935
603934
603937
603931
603930
603933
603932
30539182
240291
240292
687742
687743
297096
297093
223050
223052
223053
223056
624706
295836
295835
295834
295833
295832
9270
9271
9273
9274
10058
10057
10727
1594982
10053
10720
10051
10050
49587
49584
441346
247442
49588
21273
595932
5471415
21270
457792
250750
246867
874338
9099
9091
9092
9093
49363
49362
49361
158277050
49364
1595854
49189
17496
17495
844630
17490
17491
93639177
211578
17498
17499
209120
209123
295760
380301
380302
295768
94311
381302
291008
381300
11898
11894
11897
11891
11892
11893
24457785
87976731
79118
79113
79112
79111
79110
626392
252470
11092
233620
19942754
11098
66519
238636
395701
831284
62065
707749
62062
62060
234939
234938
256102
256103
256100
256101
256107
256105
73167
718170
215153
2150
252610
89189
1311695
89185
89183
459888
15988326
290715
290710
290712
380873
606848
213427
213636
82046
217798
217799
82070
8564
283670
1584943
21566497
634860
211860
35778
224276
625869
1449578
831407
24208816
689591
689590
689592
634328
354448
354446
354447
593242
854553
241468
241464
241466
346086
250502
250503
250506
250507
603728
603729
720875
603724
603725
201113
200530
553843
17398
94329
94328
17391
17393
52382
17395
17394
210992
973739
7026
90839
404728
973734
90832
220227
457569
11771
11770
7894
7895
7893
7890
11776
144882216
1484346
592110
592112
215139
251103
93863
1239212
809682
820011
62298
62299
62295
62297
402868
402869
871914
7271
7276
601649
601648
218365
387441
104013286
380466
8005
70815
70816
288321
288320
395065
636896
63216
63214
385813
385812
63219
636899
275992
381841
395069
10912
8778
232724
8770
8771
331419
62866490
810734
257420
720277
402948
338842
615274
823093
10230
823095
7035
347015
331677
7036
9013
331679
396357
952732
457949
811711
833497
10239
7923
11172
403096
9135
11175
553279
9018
7921
403099
9019
234890
10646
1179802
386376
868646
868647
868644
819769
9138
10314
819767
522326
10640
238408
834564
386370
625675
556020
280864
8480
8489
215263